1, 7, 35.291, 3.606, 0.243, -53.10, 8.00, 1164.00, 0.37, -2.40, -0.72, -0.90921, 0.01114, -0.02950, -0.41515
1, 26, 35.361, 4.335, 1.154, -88.62, 31.62, 1155.58, -1.11, 1.80, -1.18, -0.90884, 0.00658, -0.03858, -0.41531
1, 15, 35.291, 5.414, 0.876, -142.03, 10.86, 1147.40, -2.17, 1.48, -0.97, -0.90874, 0.01267, -0.04613, -0.41461
1, 14, 35.066, 5.899, 0.351, -136.96, -7.20, 1149.54, -2.33, -1.05, -0.41, -0.90930, 0.01850, -0.04811, -0.41294
1, 16, 34.847, 4.961, -0.104, -90.82, -15.63, 1157.23, -2.14, -3.66, 0.29, -0.91037, 0.01865, -0.03906, -0.41153
1, 15, 34.888, 3.725, -0.643, -41.38, -23.32, 1167.11, -0.95, -3.20, -0.32, -0.91052, 0.01850, -0.02730, -0.41216
1, 15, 35.001, 3.093, -0.851, -43.40, -16.85, 1169.01, 0.87, 0.40, -1.38, -0.91024, 0.01791, -0.02151, -0.41314
1, 16, 35.089, 4.071, -0.639, -98.51, -4.88, 1158.81, 2.01, 2.91, -1.82, -0.90969, 0.01977, -0.03002, -0.41373
1, 15, 35.076, 5.091, -0.412, -128.05, -3.72, 1151.18, 2.49, 1.83, -1.98, -0.90944, 0.02165, -0.03894, -0.41344
1, 14, 35.039, 5.359, 0.103, -113.95, 8.36, 1156.07, 2.87, -0.10, -2.13, -0.90956, 0.01851, -0.04294, -0.41292
1, 16, 35.067, 5.755, 1.040, -127.26, 46.08, 1148.56, 1.89, -1.30, -2.98, -0.90945, 0.01251, -0.04945, -0.41268
1, 15, 35.104, 5.919, 1.472, -123.66, 42.85, 1151.06, -1.18, -3.48, -3.20, -0.90929, 0.00970, -0.05231, -0.41274
1, 15, 35.025, 4.754, 0.540, -56.46, -13.00, 1159.91, -3.07, -4.51, -3.20, -0.90988, 0.01285, -0.03971, -0.41276
1, 15, 34.863, 3.267, -0.604, -3.91, -58.90, 1171.51, -1.69, -1.75, -2.85, -0.91073, 0.01654, -0.02380, -0.41198
1, 15, 34.806, 2.590, -1.269, -26.25, -45.04, 1169.86, 2.48, 4.51, -2.27, -0.91099, 0.01939, -0.01604, -0.41166
1, 16, 34.814, 3.751, -1.084, -97.90, -22.09, 1161.44, 4.18, 6.43, -0.18, -0.91070, 0.02208, -0.02593, -0.41167
1, 15, 34.823, 5.010, -0.293, -142.64, 12.63, 1151.61, 4.19, 5.07, 1.05, -0.91040, 0.02032, -0.03878, -0.41141
1, 14, 34.841, 6.013, 0.671, -162.41, 41.02, 1145.08, 2.11, 1.02, 1.26, -0.91011, 0.01627, -0.05021, -0.41099
1, 16, 34.763, 5.819, 1.133, -121.89, 27.28, 1152.65, -0.34, -3.70, 0.03, -0.91052, 0.01187, -0.05033, -0.41021
1, 15, 34.650, 4.774, 0.465, -75.44, -8.67, 1160.83, -0.66, -4.81, -0.89, -0.91121, 0.01339, -0.03964, -0.40981
1, 14, 34.629, 3.669, 0.056, -43.40, -8.48, 1164.55, -0.02, -2.01, -1.24, -0.91155, 0.01268, -0.02940, -0.40993
1, 16, 34.930, 3.546, -0.587, -54.99, -13.79, 1165.65, 0.60, 1.06, -0.65, -0.91042, 0.01743, -0.02608, -0.41249
1, 15, 35.130, 4.178, -0.704, -85.94, -11.05, 1162.96, 1.79, 2.85, -0.70, -0.90950, 0.02068, -0.03064, -0.41406
1, 15, 35.264, 5.073, 0.008, -120.42, 24.54, 1147.52, 1.63, 2.30, -1.31, -0.90884, 0.01831, -0.04029, -0.41479
1, 16, 35.341, 5.748, 0.380, -128.42, 20.26, 1149.78, -0.27, 0.24, -1.67, -0.90837, 0.01783, -0.04697, -0.41513
1, 14, 35.284, 5.431, -0.282, -102.97, -16.30, 1156.37, -1.30, -1.34, -1.57, -0.90858, 0.02192, -0.04208, -0.41500
1, 16, 35.226, 4.806, -1.080, -81.79, -41.50, 1164.43, -0.22, -0.92, -0.40, -0.90886, 0.02596, -0.03424, -0.41487
1, 15, 35.258, 4.204, -1.186, -73.24, -26.49, 1163.76, 1.76, -0.62, 0.02, -0.90893, 0.02463, -0.02907, -0.41520
1, 14, 35.382, 3.906, -0.870, -70.80, -11.72, 1164.67, 2.75, -0.35, -0.14, -0.90864, 0.02108, -0.02783, -0.41612
1, 16, 35.602, 4.125, -0.213, -80.20, 8.61, 1162.90, 3.08, 0.66, 0.08, -0.90788, 0.01673, -0.03192, -0.41767
1, 15, 35.835, 4.297, 0.498, -81.67, 28.93, 1155.64, 2.13, 0.92, -0.13, -0.90707, 0.01179, -0.03585, -0.41928
1, 15, 36.035, 4.487, 0.667, -84.41, 22.83, 1153.38, 0.02, 1.40, -1.15, -0.90630, 0.01121, -0.03795, -0.42077
1, 16, 36.035, 4.943, -0.140, -105.65, -17.70, 1158.94, -1.27, 1.14, -1.65, -0.90605, 0.01927, -0.03859, -0.42097
1, 14, 35.906, 5.520, -0.786, -128.48, -33.69, 1153.44, 0.09, -0.39, -1.43, -0.90618, 0.02645, -0.04081, -0.42009
1, 15, 35.773, 5.061, -0.893, -101.68, -23.62, 1155.27, 1.17, -2.82, -0.54, -0.90682, 0.02557, -0.03682, -0.41913
1, 16, 35.770, 3.865, -0.920, -49.74, -20.94, 1164.67, 1.56, -3.58, -0.28, -0.90723, 0.02142, -0.02725, -0.41921
1, 14, 35.925, 2.944, -0.685, -30.46, -5.43, 1164.67, 2.38, -0.30, 0.09, -0.90694, 0.01622, -0.02079, -0.42043
1, 15, 36.079, 3.562, -0.203, -74.16, 4.09, 1156.98, 2.51, 3.73, 0.82, -0.90629, 0.01471, -0.02743, -0.42151
1, 16, 36.146, 4.742, 0.066, -125.79, 6.47, 1157.29, 2.44, 4.30, 1.31, -0.90574, 0.01695, -0.03775, -0.42181
1, 15, 36.161, 5.548, 0.570, -133.36, 18.86, 1155.15, 1.65, 1.71, 1.69, -0.90548, 0.01594, -0.04597, -0.42159
1, 15, 36.095, 5.214, 0.626, -105.16, 10.31, 1151.98, 0.21, -1.67, 1.19, -0.90585, 0.01424, -0.04354, -0.42112
1, 15, 36.017, 4.222, -0.062, -63.54, -20.26, 1156.25, -0.52, -3.23, 0.14, -0.90636, 0.01600, -0.03318, -0.42090
1, 15, 36.006, 3.226, -0.584, -39.61, -24.78, 1164.49, 0.11, -1.77, -0.24, -0.90659, 0.01647, -0.02338, -0.42104
1, 16, 36.073, 2.722, -0.854, -41.75, -20.08, 1159.97, 1.11, 1.30, -0.29, -0.90642, 0.01677, -0.01840, -0.42164
1, 14, 36.112, 3.467, -1.072, -78.61, -26.31, 1158.08, 1.83, 3.90, 0.06, -0.90606, 0.02124, -0.02348, -0.42197
1, 15, 36.011, 4.581, -0.646, -119.20, -10.80, 1151.92, 2.76, 3.59, -0.34, -0.90617, 0.02194, -0.03387, -0.42098
1, 17, 35.880, 5.470, 0.017, -140.32, 8.73, 1150.33, 2.59, 1.18, -0.77, -0.90646, 0.01991, -0.04337, -0.41960
1, 14, 35.727, 5.307, 0.501, -112.43, 10.68, 1156.07, 1.57, -1.72, -0.37, -0.90715, 0.01542, -0.04387, -0.41824
1, 15, 35.649, 4.349, 0.260, -72.02, -2.56, 1161.38, 0.86, -2.27, -0.09, -0.90771, 0.01381, -0.03541, -0.41788
1, 15, 35.682, 3.495, 0.018, -51.39, -3.97, 1160.16, 0.66, -0.63, 0.23, -0.90779, 0.01262, -0.02776, -0.41832
1, 15, 35.768, 3.297, -0.197, -59.88, -4.64, 1163.57, 0.53, 0.86, -0.09, -0.90750, 0.01362, -0.02539, -0.41907
1, 14, 35.760, 3.669, -0.731, -78.31, -23.68, 1159.73, 0.24, 1.42, -0.56, -0.90735, 0.01920, -0.02639, -0.41910
1, 16, 35.634, 3.955, -1.328, -87.46, -42.30, 1163.15, 1.52, 1.14, -0.56, -0.90762, 0.02495, -0.02650, -0.41822
1, 15, 35.548, 4.120, -0.806, -88.20, -15.63, 1153.87, 3.18, 1.25, 0.23, -0.90798, 0.02139, -0.02973, -0.41741
1, 14, 35.761, 4.520, -0.328, -92.04, 2.75, 1160.89, 3.16, 1.50, 1.04, -0.90716, 0.01913, -0.03460, -0.41892
1, 17, 35.919, 4.567, -0.152, -87.28, 1.22, 1155.58, 2.56, 1.24, 0.61, -0.90660, 0.01795, -0.03560, -0.42011
1, 15, 36.059, 4.961, 0.126, -103.15, 9.64, 1154.42, 1.60, 1.10, 0.43, -0.90600, 0.01725, -0.03971, -0.42107
1, 14, 36.132, 5.012, 0.065, -100.34, 1.46, 1156.01, 0.89, -0.66, 0.05, -0.90570, 0.01794, -0.03988, -0.42165
1, 16, 36.156, 4.524, -0.439, -80.38, -18.86, 1161.50, 0.69, -1.18, 0.31, -0.90569, 0.02013, -0.03416, -0.42207
1, 14, 36.187, 4.051, -0.950, -70.31, -30.82, 1161.74, 1.75, -0.56, 0.60, -0.90563, 0.02244, -0.02854, -0.42251
1, 16, 36.251, 3.700, -1.063, -65.98, -24.72, 1162.35, 2.94, 0.38, 0.34, -0.90548, 0.02206, -0.02533, -0.42305
1, 15, 36.382, 3.550, -0.871, -63.66, -15.50, 1163.45, 3.77, 2.39, 1.04, -0.90508, 0.02002, -0.02483, -0.42405
1, 14, 36.265, 3.872, 0.138, -87.89, 11.66, 1154.66, 3.53, 3.12, 0.99, -0.90557, 0.01321, -0.03111, -0.42286
1, 17, 36.185, 4.434, 0.767, -104.86, 22.71, 1157.78, 1.76, 1.71, 0.37, -0.90577, 0.01028, -0.03789, -0.42194
1, 14, 35.981, 4.589, 0.287, -100.77, -7.75, 1156.43, 0.37, 0.19, -0.24, -0.90643, 0.01458, -0.03737, -0.42045
1, 15, 35.741, 4.352, -0.440, -91.06, -31.07, 1157.17, 0.79, -0.89, 0.29, -0.90727, 0.01939, -0.03287, -0.41881
1, 16, 35.580, 3.517, -0.640, -61.34, -24.48, 1160.83, 2.05, -0.89, 0.72, -0.90807, 0.01789, -0.02555, -0.41766
1, 14, 35.565, 2.961, -0.333, -51.03, -5.68, 1161.25, 2.56, 1.13, 0.93, -0.90830, 0.01343, -0.02226, -0.41752
1, 15, 35.597, 3.491, -0.063, -77.03, 1.22, 1161.19, 2.19, 2.78, 0.50, -0.90809, 0.01323, -0.02744, -0.41767
1, 15, 35.558, 4.158, 0.097, -96.01, 1.59, 1157.71, 1.80, 2.67, 0.01, -0.90808, 0.01438, -0.03332, -0.41723
1, 15, 35.561, 4.922, -0.207, -112.49, -11.78, 1161.62, 2.30, 1.27, -0.28, -0.90778, 0.01957, -0.03826, -0.41724
1, 16, 35.564, 5.388, 0.228, -120.00, 8.42, 1158.87, 2.20, -0.49, 0.63, -0.90767, 0.01782, -0.04354, -0.41704
1, 15, 35.554, 4.989, 0.264, -98.88, 3.85, 1157.17, 1.04, -2.53, 0.85, -0.90785, 0.01608, -0.04051, -0.41702
1, 15, 35.575, 4.007, -0.170, -59.39, -13.61, 1161.01, 0.72, -2.90, 0.81, -0.90802, 0.01595, -0.03115, -0.41746
1, 14, 35.669, 3.123, -0.484, -39.73, -14.40, 1161.93, 1.06, -0.79, 0.50, -0.90786, 0.01524, -0.02299, -0.41836
1, 16, 35.802, 3.270, -0.826, -62.38, -19.47, 1163.02, 1.50, 1.56, 0.75, -0.90729, 0.01851, -0.02288, -0.41947
1, 15, 35.867, 3.862, -0.768, -83.86, -15.38, 1158.02, 2.13, 2.35, 0.66, -0.90690, 0.02023, -0.02776, -0.41994
1, 15, 35.892, 4.354, -0.411, -94.18, -5.68, 1153.56, 2.40, 2.10, 0.79, -0.90672, 0.01921, -0.03296, -0.42000
1, 15, 36.176, 4.673, -0.006, -90.03, 12.08, 1158.08, 1.78, 1.49, 0.55, -0.90564, 0.01727, -0.03693, -0.42208
1, 15, 36.361, 4.855, -0.128, -93.81, -0.18, 1157.84, 0.88, 0.95, 0.29, -0.90488, 0.01896, -0.03789, -0.42355
1, 16, 36.424, 4.874, -0.798, -94.91, -29.36, 1161.87, 1.04, 0.50, 0.76, -0.90451, 0.02434, -0.03555, -0.42426
1, 15, 36.525, 4.406, -0.648, -77.88, -10.31, 1161.62, 2.11, 0.15, 0.62, -0.90433, 0.02146, -0.03239, -0.42506
1, 14, 36.715, 3.972, -0.161, -65.00, 9.77, 1160.40, 1.79, 0.30, 0.32, -0.90384, 0.01606, -0.03074, -0.42647
1, 16, 36.902, 4.031, -0.249, -74.04, -1.40, 1156.98, 0.78, 1.04, -0.24, -0.90311, 0.01702, -0.03086, -0.42797
1, 14, 36.981, 4.338, -0.657, -88.01, -18.62, 1161.50, 0.85, 1.27, -0.54, -0.90265, 0.02140, -0.03173, -0.42867
1, 15, 37.033, 4.414, -0.663, -87.04, -13.18, 1154.66, 1.52, 1.11, -0.24, -0.90243, 0.02175, -0.03230, -0.42907
1, 16, 36.897, 3.902, -0.226, -75.99, -4.70, 1157.59, 1.69, 1.17, 0.19, -0.90317, 0.01636, -0.02992, -0.42793
1, 15, 36.847, 3.996, -0.065, -82.46, -2.20, 1160.34, 1.53, 2.06, 0.13, -0.90335, 0.01543, -0.03127, -0.42749
1, 15, 36.758, 4.627, -0.201, -107.06, -10.74, 1158.08, 1.24, 2.01, 0.18, -0.90347, 0.01882, -0.03575, -0.42675
1, 16, 36.599, 4.980, -0.177, -111.82, -9.22, 1159.24, 1.35, 0.37, 0.11, -0.90395, 0.01989, -0.03866, -0.42543
1, 14, 36.464, 4.462, -0.250, -88.50, -11.54, 1157.47, 1.19, -1.16, 0.82, -0.90461, 0.01851, -0.03431, -0.42446
1, 15, 36.426, 3.798, -0.270, -68.73, -9.03, 1158.26, 1.67, -1.21, 0.65, -0.90494, 0.01620, -0.02901, -0.42424
1, 15, 36.498, 3.502, 0.163, -65.00, 10.31, 1158.08, 1.34, -0.58, 0.16, -0.90480, 0.01170, -0.02827, -0.42473
1, 15, 36.571, 3.130, -0.157, -53.16, -5.86, 1162.78, 0.34, 0.51, -0.24, -0.90458, 0.01286, -0.02413, -0.42543
1, 16, 36.487, 3.488, -0.822, -75.99, -30.58, 1158.45, 0.55, 2.47, -0.14, -0.90471, 0.01942, -0.02451, -0.42488
1, 15, 36.353, 4.392, -0.876, -113.22, -26.49, 1155.40, 1.79, 2.69, 0.54, -0.90493, 0.02316, -0.03147, -0.42377
1, 15, 36.171, 5.039, -0.496, -122.56, -12.82, 1152.10, 2.41, 0.49, 0.89, -0.90545, 0.02249, -0.03802, -0.42215
1, 16, 36.010, 4.494, -0.114, -91.06, -4.39, 1155.64, 2.05, -1.92, 0.84, -0.90629, 0.01741, -0.03514, -0.42083
1, 14, 35.985, 3.523, 0.009, -53.34, 0.06, 1159.48, 1.34, -2.04, 0.37, -0.90667, 0.01287, -0.02792, -0.42072
1, 15, 36.030, 2.869, -0.361, -42.72, -13.49, 1163.27, 0.85, 0.08, 0.13, -0.90661, 0.01340, -0.02138, -0.42121
1, 15, 36.085, 3.327, -0.608, -70.74, -16.54, 1160.77, 1.46, 2.66, 0.60, -0.90627, 0.01705, -0.02409, -0.42167
1, 15, 36.064, 4.194, -0.485, -102.84, -10.86, 1158.20, 1.66, 2.83, 0.73, -0.90613, 0.01926, -0.03139, -0.42139
1, 15, 35.835, 4.609, -0.714, -105.29, -25.63, 1154.79, 1.92, 0.77, 0.21, -0.90679, 0.02253, -0.03389, -0.41961
1, 16, 35.663, 4.382, -0.332, -92.77, -10.13, 1161.01, 3.01, -0.40, 0.60, -0.90756, 0.01863, -0.03351, -0.41816
1, 15, 35.662, 4.117, 0.429, -80.99, 19.04, 1157.47, 1.83, -0.34, 0.56, -0.90774, 0.01163, -0.03419, -0.41797
1, 15, 35.661, 3.933, 0.072, -76.60, -4.64, 1153.81, 0.69, -0.34, 0.63, -0.90776, 0.01378, -0.03143, -0.41808
1, 15, 35.634, 3.485, -0.494, -60.85, -22.83, 1160.77, 1.33, 1.24, 0.69, -0.90790, 0.01662, -0.02582, -0.41806
1, 15, 35.582, 4.010, -0.848, -91.67, -28.20, 1158.81, 2.14, 1.66, 0.98, -0.90788, 0.02133, -0.02870, -0.41769
1, 14, 35.491, 4.552, -0.453, -106.32, -8.91, 1153.08, 2.63, -0.03, 0.52, -0.90812, 0.02015, -0.03445, -0.41681
1, 16, 35.422, 4.406, -0.007, -91.74, 1.16, 1155.76, 2.03, -1.23, 0.58, -0.90848, 0.01606, -0.03492, -0.41615
1, 15, 35.411, 3.674, -0.154, -62.62, -8.12, 1163.76, 1.60, -0.90, 0.74, -0.90871, 0.01457, -0.02858, -0.41619
1, 15, 35.679, 3.419, -0.801, -52.61, -23.07, 1170.65, 2.37, 0.63, 0.74, -0.90771, 0.01883, -0.02417, -0.41849
1, 16, 35.935, 4.096, -0.318, -87.16, 7.57, 1154.72, 3.17, 2.22, 1.07, -0.90666, 0.01755, -0.03126, -0.42034
1, 15, 36.159, 4.375, 0.123, -85.57, 14.16, 1152.77, 1.90, 1.45, 0.80, -0.90581, 0.01515, -0.03505, -0.42195
1, 15, 36.258, 4.774, -0.249, -99.24, -9.83, 1156.25, 0.64, 1.04, 0.41, -0.90527, 0.01959, -0.03682, -0.42279
1, 15, 36.262, 5.007, -0.624, -104.98, -19.96, 1149.78, 0.60, -0.30, 0.60, -0.90510, 0.02342, -0.03728, -0.42291
1, 14, 36.250, 4.219, -0.850, -71.11, -23.01, 1161.93, 0.98, -1.85, 0.28, -0.90537, 0.02229, -0.03022, -0.42297
1, 16, 36.308, 3.186, -1.162, -31.92, -32.10, 1164.00, 1.91, -0.51, 0.24, -0.90539, 0.02095, -0.02089, -0.42354
1, 15, 36.495, 3.288, -0.910, -59.81, -13.37, 1162.23, 3.45, 3.02, 0.92, -0.90472, 0.01937, -0.02260, -0.42497
1, 14, 36.420, 3.856, 0.230, -94.18, 21.24, 1163.39, 3.17, 3.59, 0.95, -0.90501, 0.01246, -0.03132, -0.42406
1, 17, 36.309, 4.647, 0.551, -115.36, 11.47, 1159.36, 1.23, 1.95, 0.70, -0.90523, 0.01282, -0.03876, -0.42295
1, 15, 36.064, 5.120, 0.208, -121.09, -10.38, 1151.18, 0.85, -0.56, 0.44, -0.90594, 0.01718, -0.04127, -0.42105
1, 14, 35.855, 4.268, 0.335, -81.60, 1.71, 1154.11, 0.81, -3.04, 0.12, -0.90699, 0.01298, -0.03502, -0.41949
1, 16, 35.793, 3.145, 0.179, -39.25, -1.53, 1157.84, -0.35, -2.40, -0.21, -0.90748, 0.01009, -0.02556, -0.41920
1, 14, 35.781, 2.474, -0.552, -32.17, -25.76, 1156.07, -1.16, 0.42, -0.38, -0.90758, 0.01342, -0.01758, -0.41929
1, 16, 35.719, 2.633, -1.559, -54.14, -59.20, 1160.89, 0.26, 3.32, -0.08, -0.90762, 0.02197, -0.01517, -0.41894
1, 15, 35.570, 3.459, -1.942, -89.05, -57.56, 1159.97, 3.34, 5.20, 0.69, -0.90786, 0.02799, -0.02034, -0.41784
1, 14, 35.567, 4.921, -1.086, -152.47, -5.80, 1160.89, 5.53, 4.84, 2.05, -0.90758, 0.02653, -0.03505, -0.41757
1, 17, 35.611, 5.735, 0.292, -158.69, 49.99, 1151.86, 4.26, -0.31, 1.93, -0.90738, 0.01860, -0.04651, -0.41732
1, 14, 35.608, 4.526, 0.695, -66.35, 22.28, 1156.98, 0.88, -5.32, 0.70, -0.90786, 0.01100, -0.03841, -0.41738
1, 15, 35.626, 3.219, 0.051, -18.43, -19.71, 1165.59, 0.28, -3.81, -0.41, -0.90806, 0.01134, -0.02570, -0.41790
1, 16, 35.796, 2.959, 0.067, -49.99, 6.16, 1157.65, 0.54, -0.21, -0.21, -0.90749, 0.01030, -0.02369, -0.41927
1, 14, 35.909, 3.071, -0.401, -58.29, -10.80, 1158.94, -0.89, 0.56, -0.36, -0.90701, 0.01444, -0.02285, -0.42025
1, 15, 35.875, 2.710, -1.530, -39.00, -65.06, 1164.79, -0.11, 1.86, -0.58, -0.90704, 0.02205, -0.01585, -0.42018
1, 15, 35.791, 3.514, -1.887, -86.91, -52.92, 1163.33, 3.58, 4.66, -0.19, -0.90705, 0.02780, -0.02092, -0.41958
1, 15, 35.844, 5.075, -0.876, -164.25, 13.98, 1150.39, 5.17, 3.59, 0.74, -0.90656, 0.02552, -0.03698, -0.41968
1, 16, 35.923, 5.636, 0.317, -138.49, 40.65, 1149.84, 3.03, -1.55, 1.17, -0.90628, 0.01816, -0.04577, -0.41979
1, 15, 35.971, 4.353, 0.358, -50.96, 9.40, 1161.13, 0.21, -3.50, 0.66, -0.90654, 0.01315, -0.03576, -0.42039
1, 15, 36.057, 3.444, -0.324, -38.21, -22.09, 1164.00, -0.13, -1.05, 0.36, -0.90639, 0.01523, -0.02606, -0.42137
1, 14, 36.166, 3.545, -0.803, -68.97, -22.22, 1165.22, 0.63, 0.31, 0.34, -0.90589, 0.01942, -0.02508, -0.42233
1, 16, 36.233, 3.384, -1.140, -63.48, -27.83, 1160.64, 1.00, 0.08, 0.73, -0.90562, 0.02150, -0.02256, -0.42294
1, 15, 36.308, 2.695, -1.300, -36.93, -29.66, 1162.29, 2.11, 0.75, 0.63, -0.90549, 0.02023, -0.01650, -0.42357
1, 15, 36.409, 3.203, -1.075, -67.32, -18.31, 1160.28, 3.12, 2.91, 0.11, -0.90503, 0.02035, -0.02133, -0.42433
1, 15, 36.314, 4.348, -0.300, -121.95, 5.49, 1155.94, 3.33, 3.46, -0.02, -0.90519, 0.01843, -0.03326, -0.42330
1, 16, 36.231, 5.284, 0.393, -144.23, 20.39, 1154.54, 1.53, 0.10, 0.96, -0.90529, 0.01639, -0.04322, -0.42227
1, 15, 36.001, 4.849, 0.007, -100.83, -13.00, 1157.04, 0.60, -2.19, 1.17, -0.90623, 0.01776, -0.03839, -0.42066
1, 15, 35.845, 3.886, -0.605, -61.58, -36.01, 1158.33, 1.91, -2.22, 0.92, -0.90700, 0.01902, -0.02856, -0.41972
1, 15, 35.815, 2.945, -0.419, -41.99, -8.36, 1159.42, 2.28, -1.29, 0.17, -0.90738, 0.01410, -0.02179, -0.41952
1, 15, 35.914, 2.702, -0.123, -47.73, 3.11, 1163.09, 1.19, 0.76, 0.21, -0.90710, 0.01088, -0.02094, -0.42026
1, 15, 35.954, 3.074, -0.841, -65.92, -33.57, 1160.89, 1.57, 2.46, 0.97, -0.90678, 0.01794, -0.02125, -0.42068
1, 14, 35.910, 3.708, -0.922, -86.98, -26.06, 1157.53, 3.33, 2.13, 1.27, -0.90676, 0.02090, -0.02598, -0.42033
1, 16, 35.908, 4.053, -0.192, -89.17, 3.48, 1153.14, 2.69, 0.43, 0.60, -0.90679, 0.01638, -0.03138, -0.42010
1, 16, 35.864, 3.992, -0.331, -82.28, -11.96, 1162.23, 2.13, -0.83, 0.32, -0.90694, 0.01724, -0.03040, -0.41980
1, 14, 35.855, 3.606, -0.378, -68.42, -11.41, 1163.51, 2.45, -0.37, 0.66, -0.90708, 0.01621, -0.02717, -0.41977
1, 16, 35.940, 3.950, 0.128, -84.53, 9.64, 1157.47, 2.17, 0.94, 1.39, -0.90674, 0.01348, -0.03174, -0.42028
1, 14, 35.984, 4.230, 0.170, -89.11, 3.11, 1152.40, 0.95, 0.57, 1.32, -0.90651, 0.01419, -0.03410, -0.42057
1, 15, 35.922, 3.862, -0.498, -72.51, -25.33, 1157.29, 0.44, -0.66, 0.57, -0.90675, 0.01811, -0.02875, -0.42031
1, 16, 35.843, 3.504, -1.040, -67.20, -34.18, 1163.27, 1.32, -0.66, 0.33, -0.90704, 0.02107, -0.02394, -0.41983
1, 14, 35.830, 3.035, -0.959, -55.42, -21.42, 1163.64, 2.40, -0.06, 0.54, -0.90722, 0.01871, -0.02052, -0.41973
1, 16, 36.059, 2.954, -0.556, -50.96, -2.81, 1166.99, 2.87, 1.33, 0.60, -0.90646, 0.01527, -0.02133, -0.42147
1, 15, 36.253, 3.638, -0.291, -79.35, 1.95, 1162.17, 2.39, 2.59, 0.98, -0.90562, 0.01573, -0.02769, -0.42290
1, 15, 36.323, 4.477, -0.356, -107.85, -9.83, 1155.94, 2.06, 1.38, 0.96, -0.90511, 0.01936, -0.03407, -0.42337
1, 16, 36.321, 4.561, -0.200, -95.21, -4.52, 1157.84, 2.19, -0.69, 0.54, -0.90511, 0.01844, -0.03530, -0.42330
1, 14, 36.378, 4.069, 0.088, -73.91, 5.68, 1158.20, 1.79, -1.12, 0.70, -0.90509, 0.01436, -0.03248, -0.42373
1, 15, 36.498, 3.417, 0.095, -52.06, 4.76, 1158.02, 0.60, -0.18, 0.50, -0.90481, 0.01192, -0.02734, -0.42476
1, 15, 36.587, 3.405, -0.610, -62.74, -24.29, 1158.69, 0.05, 1.37, 0.67, -0.90440, 0.01746, -0.02462, -0.42562
1, 15, 36.577, 3.864, -1.163, -86.79, -37.54, 1160.58, 1.25, 1.62, 0.76, -0.90421, 0.02353, -0.02619, -0.42564
1, 15, 36.699, 4.350, -1.087, -92.90, -20.94, 1160.64, 2.48, 0.46, 1.04, -0.90361, 0.02476, -0.03028, -0.42656
1, 16, 36.835, 4.129, -0.498, -77.27, 0.79, 1160.89, 2.52, -0.58, 0.91, -0.90329, 0.01933, -0.03071, -0.42749
1, 15, 37.001, 3.682, -0.415, -61.34, -4.39, 1158.51, 1.84, -0.72, 0.66, -0.90281, 0.01705, -0.02746, -0.42882
1, 14, 37.187, 3.454, -0.501, -59.08, -8.18, 1159.18, 1.68, 0.11, 0.59, -0.90216, 0.01692, -0.02532, -0.43033
1, 16, 37.387, 3.404, -0.329, -60.79, 0.00, 1158.94, 1.50, 0.61, 0.47, -0.90144, 0.01542, -0.02555, -0.43186
1, 14, 37.549, 3.489, -0.447, -64.51, -7.32, 1157.35, 0.84, 1.50, 0.36, -0.90079, 0.01670, -0.02574, -0.43316
1, 15, 37.603, 4.035, -0.925, -88.62, -28.75, 1155.33, 0.89, 2.42, 0.72, -0.90035, 0.02253, -0.02822, -0.43366
1, 16, 37.566, 4.578, -1.119, -105.10, -30.82, 1160.52, 1.99, 1.22, 1.06, -0.90027, 0.02611, -0.03176, -0.43338
1, 14, 37.558, 4.312, -0.583, -85.82, -7.63, 1158.08, 3.00, -0.63, 1.06, -0.90050, 0.02088, -0.03170, -0.43319
1, 16, 37.362, 3.473, 0.295, -63.66, 13.31, 1159.61, 2.24, -0.76, 0.74, -0.90159, 0.01076, -0.02844, -0.43152
1, 16, 37.224, 3.089, 0.061, -61.89, -6.71, 1161.25, 1.08, 0.08, 0.50, -0.90217, 0.01113, -0.02456, -0.43053
1, 14, 37.091, 3.281, -0.535, -74.04, -26.86, 1161.19, 1.17, 0.85, 0.92, -0.90256, 0.01651, -0.02384, -0.42959
1, 16, 36.925, 3.335, -0.458, -73.97, -15.32, 1158.33, 1.97, 0.40, 1.03, -0.90318, 0.01607, -0.02458, -0.42827
1, 14, 36.806, 3.075, -0.219, -63.72, -7.14, 1162.29, 1.98, 0.12, 0.55, -0.90371, 0.01319, -0.02344, -0.42730
1, 15, 36.718, 3.009, -0.394, -62.32, -14.16, 1159.85, 1.85, 0.63, 0.26, -0.90403, 0.01431, -0.02228, -0.42664
1, 16, 36.627, 3.426, -0.456, -77.94, -15.38, 1160.40, 2.30, 1.21, 0.64, -0.90426, 0.01633, -0.02535, -0.42591
1, 14, 36.529, 3.588, -0.165, -77.88, -5.55, 1155.03, 2.40, 1.03, 0.84, -0.90463, 0.01461, -0.02772, -0.42505
1, 15, 36.611, 3.982, -0.051, -83.62, -0.31, 1158.81, 2.11, 0.86, 0.92, -0.90423, 0.01520, -0.03124, -0.42562
1, 16, 36.654, 3.986, 0.097, -80.08, 3.17, 1161.56, 1.42, 0.34, 0.60, -0.90409, 0.01406, -0.03182, -0.42592
1, 15, 36.637, 3.848, -0.490, -75.56, -21.48, 1161.62, 0.92, -0.08, 0.66, -0.90411, 0.01817, -0.02855, -0.42596
1, 15, 36.585, 3.676, -1.030, -72.94, -33.63, 1159.79, 1.98, 0.19, 0.97, -0.90426, 0.02178, -0.02520, -0.42569
1, 15, 36.604, 3.289, -0.694, -61.71, -12.76, 1158.63, 2.75, 0.29, 1.20, -0.90435, 0.01770, -0.02339, -0.42579
1, 15, 36.705, 2.962, -0.402, -52.31, -4.76, 1162.48, 2.75, 0.80, 1.05, -0.90409, 0.01420, -0.02188, -0.42654
1, 14, 36.826, 3.467, -0.113, -74.28, 2.50, 1165.04, 2.49, 1.79, 0.91, -0.90356, 0.01382, -0.02693, -0.42739
1, 16, 36.880, 4.147, 0.077, -95.46, 3.78, 1157.04, 1.79, 1.13, 0.89, -0.90320, 0.01488, -0.03298, -0.42769
1, 15, 36.931, 4.072, -0.459, -79.22, -18.13, 1162.96, 1.34, -0.27, 0.60, -0.90296, 0.01883, -0.03038, -0.42824
1, 16, 36.965, 3.597, -0.755, -62.19, -22.40, 1164.67, 2.48, 0.43, 0.63, -0.90291, 0.01940, -0.02553, -0.42862
1, 15, 37.058, 3.860, -0.387, -79.53, -2.62, 1157.53, 2.69, 1.04, 0.64, -0.90255, 0.01751, -0.02897, -0.42925
1, 14, 37.166, 4.288, 0.179, -93.57, 15.56, 1150.51, 1.35, -0.05, 0.74, -0.90211, 0.01469, -0.03445, -0.42989
1, 16, 37.220, 3.986, -0.035, -74.95, -3.11, 1158.87, 0.23, -1.27, 0.56, -0.90196, 0.01525, -0.03125, -0.43041
1, 15, 37.249, 3.329, -0.676, -48.95, -28.56, 1159.48, 0.74, -0.19, 0.59, -0.90193, 0.01783, -0.02367, -0.43086
1, 14, 37.283, 3.352, -1.097, -66.04, -30.88, 1163.15, 2.11, 0.82, 0.62, -0.90172, 0.02125, -0.02226, -0.43121
1, 16, 37.331, 3.904, -0.664, -90.58, -8.24, 1167.60, 2.80, 0.37, 1.01, -0.90147, 0.01992, -0.02822, -0.43146
1, 14, 37.206, 3.512, 0.165, -72.08, 9.03, 1159.67, 2.17, -0.50, 0.91, -0.90216, 0.01189, -0.02827, -0.43032
1, 16, 37.171, 2.779, 0.153, -44.56, 0.43, 1162.05, 1.09, -0.17, 0.41, -0.90244, 0.00923, -0.02246, -0.43013
1, 16, 37.160, 2.830, -0.213, -56.52, -10.74, 1158.69, 0.87, 1.48, 0.13, -0.90244, 0.01230, -0.02149, -0.43011
1, 14, 37.100, 3.535, -0.278, -85.69, -9.46, 1156.86, 0.40, 1.85, 0.27, -0.90250, 0.01545, -0.02681, -0.42959
1, 15, 36.946, 3.706, -0.618, -82.40, -22.22, 1159.55, 0.04, 0.72, 0.71, -0.90298, 0.01872, -0.02691, -0.42843
1, 15, 36.776, 3.001, -1.269, -50.78, -47.18, 1165.16, 0.95, 0.02, 0.39, -0.90368, 0.02119, -0.01895, -0.42725
1, 15, 36.629, 2.897, -1.497, -60.97, -40.77, 1161.99, 3.45, 1.37, 0.46, -0.90421, 0.02258, -0.01731, -0.42614
1, 16, 36.616, 3.609, -0.460, -94.91, 9.22, 1160.58, 4.78, 2.01, 1.07, -0.90426, 0.01704, -0.02678, -0.42581
1, 14, 36.859, 4.044, 0.508, -84.11, 33.39, 1152.83, 3.12, 0.93, 1.30, -0.90336, 0.01109, -0.03379, -0.42741
1, 16, 37.084, 3.854, 0.618, -67.08, 18.74, 1153.20, 0.76, 0.73, 1.17, -0.90257, 0.00958, -0.03268, -0.42919
1, 15, 37.211, 3.854, 0.031, -72.45, -6.10, 1161.87, -0.40, 0.14, 0.63, -0.90204, 0.01424, -0.03046, -0.43034
1, 15, 37.211, 3.627, -0.827, -66.35, -35.40, 1161.25, 0.04, -0.53, -0.04, -0.90197, 0.02014, -0.02546, -0.43058
1, 15, 37.190, 3.343, -1.460, -61.46, -44.98, 1167.11, 2.07, 0.55, 0.50, -0.90201, 0.02405, -0.02084, -0.43055
1, 15, 37.251, 3.517, -0.984, -71.96, -16.05, 1158.33, 3.36, 2.04, 1.49, -0.90182, 0.02096, -0.02399, -0.43093
1, 15, 37.370, 4.035, -0.106, -90.94, 15.99, 1150.33, 2.98, 1.63, 1.70, -0.90137, 0.01604, -0.03136, -0.43161
1, 14, 37.472, 4.035, 0.401, -80.14, 17.58, 1155.03, 0.89, -0.55, 0.63, -0.90105, 0.01208, -0.03325, -0.43227
1, 16, 37.101, 2.958, -0.122, -53.22, -23.86, 1160.22, -0.21, -1.60, -0.16, -0.90264, 0.01205, -0.02285, -0.42961
1, 16, 36.845, 2.359, -1.006, -43.70, -52.06, 1167.72, 0.97, -0.12, 0.14, -0.90361, 0.01674, -0.01485, -0.42777
1, 14, 36.582, 2.418, -1.142, -57.07, -35.22, 1164.86, 3.58, 2.03, 1.24, -0.90456, 0.01800, -0.01485, -0.42571
1, 16, 36.474, 2.801, -0.123, -69.09, 5.62, 1158.94, 4.26, 2.62, 1.59, -0.90501, 0.01135, -0.02167, -0.42468
1, 15, 36.398, 3.351, 0.629, -81.67, 18.74, 1160.46, 2.94, 1.85, 1.04, -0.90524, 0.00743, -0.02880, -0.42385
1, 14, 36.227, 3.694, 0.416, -84.23, -0.67, 1161.99, 1.69, 0.96, 0.43, -0.90578, 0.01034, -0.03074, -0.42251
1, 16, 36.005, 4.113, -0.009, -97.41, -16.48, 1160.77, 2.14, 1.11, 1.05, -0.90644, 0.01518, -0.03252, -0.42081
1, 14, 35.772, 4.154, 0.242, -92.71, -2.50, 1158.63, 2.70, 0.65, 1.80, -0.90731, 0.01328, -0.03379, -0.41888
1, 16, 36.054, 4.107, 0.446, -75.87, 15.75, 1152.34, 1.97, -0.69, 1.88, -0.90632, 0.01157, -0.03414, -0.42106
1, 16, 36.273, 3.562, 0.433, -56.09, 14.59, 1165.04, 0.05, -1.94, 0.63, -0.90564, 0.00973, -0.02975, -0.42288
1, 14, 36.418, 3.000, -0.242, -41.38, -12.51, 1157.65, -1.59, -2.07, -0.62, -0.90517, 0.01302, -0.02281, -0.42424
1, 16, 36.488, 2.385, -1.378, -19.53, -61.52, 1163.57, -0.72, -0.18, -0.34, -0.90487, 0.01973, -0.01373, -0.42500
1, 14, 36.540, 2.284, -2.373, -35.64, -79.35, 1173.52, 2.43, 3.15, 0.79, -0.90450, 0.02722, -0.00923, -0.42551
1, 15, 36.583, 3.162, -2.024, -78.25, -40.95, 1161.74, 6.11, 4.88, 1.61, -0.90420, 0.02772, -0.01745, -0.42586
1, 16, 36.680, 4.236, -0.596, -127.69, 34.55, 1157.53, 7.87, 4.31, 2.02, -0.90382, 0.02046, -0.03122, -0.42629
1, 14, 36.837, 5.007, 0.983, -135.38, 84.17, 1144.23, 4.68, 1.21, 1.83, -0.90321, 0.01093, -0.04315, -0.42688
1, 15, 37.002, 4.691, 1.839, -87.59, 63.29, 1153.02, -0.72, -3.20, 1.05, -0.90274, 0.00307, -0.04384, -0.42794
1, 16, 37.052, 3.392, 0.680, -18.62, -17.21, 1163.09, -4.09, -3.97, -0.24, -0.90281, 0.00735, -0.02927, -0.42899
1, 15, 37.078, 2.750, -0.802, -17.27, -77.09, 1168.27, -0.98, 1.30, 0.03, -0.90269, 0.01662, -0.01866, -0.42957
1, 15, 37.084, 3.121, -1.729, -69.09, -64.76, 1157.17, 2.52, 2.78, 1.11, -0.90240, 0.02532, -0.01811, -0.42976
1, 15, 37.089, 3.337, -1.207, -70.86, -21.48, 1158.39, 3.31, 2.04, 1.35, -0.90244, 0.02202, -0.02177, -0.42971
1, 15, 37.086, 3.365, -1.072, -67.99, -24.72, 1163.57, 4.07, 2.05, 1.04, -0.90247, 0.02106, -0.02250, -0.42966
1, 15, 37.087, 3.902, -0.823, -88.56, -19.23, 1162.72, 5.26, 1.65, 1.20, -0.90236, 0.02111, -0.02766, -0.42958
1, 15, 37.154, 4.462, 0.272, -108.70, 29.42, 1155.88, 4.78, 0.01, 1.29, -0.90211, 0.01461, -0.03616, -0.42974
1, 15, 37.302, 4.315, 1.357, -83.50, 58.41, 1153.08, 1.05, -1.61, 1.34, -0.90169, 0.00556, -0.03906, -0.43058
1, 16, 37.254, 3.113, 1.086, -37.11, 16.42, 1163.94, -1.78, -1.54, 0.25, -0.90212, 0.00316, -0.02859, -0.43053
1, 15, 37.188, 2.632, -0.165, -35.89, -44.19, 1162.17, -1.36, 0.35, -0.45, -0.90238, 0.01119, -0.02011, -0.43033
1, 15, 37.066, 3.000, -1.152, -73.18, -56.40, 1161.93, 0.85, 1.86, 0.22, -0.90262, 0.02032, -0.01932, -0.42952
1, 16, 36.862, 3.219, -1.418, -74.65, -42.24, 1164.06, 3.26, 1.75, 1.24, -0.90328, 0.02320, -0.02009, -0.42796
1, 14, 36.770, 3.107, -0.550, -65.67, -7.45, 1168.88, 4.93, 2.41, 1.74, -0.90380, 0.01591, -0.02246, -0.42708
1, 15, 36.810, 3.568, 0.557, -83.68, 32.84, 1156.19, 4.20, 2.56, 1.40, -0.90366, 0.00891, -0.03022, -0.42709
1, 15, 36.831, 4.331, 1.129, -106.57, 33.26, 1147.22, 1.40, 0.59, 0.81, -0.90344, 0.00726, -0.03836, -0.42694
1, 15, 36.719, 4.125, 0.577, -84.23, 1.04, 1151.92, -0.82, -1.63, 0.34, -0.90386, 0.01081, -0.03470, -0.42627
1, 15, 36.644, 3.128, -0.400, -37.48, -36.25, 1161.93, -1.18, -1.56, 0.35, -0.90428, 0.01479, -0.02320, -0.42605
1, 16, 36.594, 2.331, -1.388, -19.78, -64.33, 1173.77, 0.86, 0.76, 0.31, -0.90449, 0.01962, -0.01325, -0.42583
1, 15, 36.558, 2.427, -1.653, -48.95, -42.30, 1163.88, 4.13, 3.13, 0.53, -0.90456, 0.02206, -0.01303, -0.42558
1, 15, 36.598, 3.452, -0.542, -103.64, 18.31, 1163.27, 5.15, 3.72, 1.27, -0.90435, 0.01710, -0.02524, -0.42569
1, 15, 36.655, 3.955, 0.543, -94.36, 36.07, 1155.40, 2.82, 1.20, 1.10, -0.90414, 0.01042, -0.03324, -0.42581
1, 15, 36.653, 3.678, 0.384, -70.37, 4.27, 1159.97, 0.94, 0.38, 0.63, -0.90421, 0.01065, -0.03046, -0.42588
1, 14, 36.638, 4.319, 0.303, -99.67, 2.44, 1150.76, 0.83, 0.99, 0.82, -0.90408, 0.01366, -0.03521, -0.42569
1, 16, 36.582, 4.443, 0.495, -95.95, 10.62, 1150.70, -0.54, -1.59, 0.84, -0.90428, 0.01259, -0.03692, -0.42516
1, 15, 36.538, 3.058, -0.436, -17.03, -39.06, 1172.30, -2.08, -3.36, 0.20, -0.90468, 0.01479, -0.02253, -0.42523
1, 16, 36.506, 2.060, -1.804, 10.56, -106.02, 1175.96, 1.15, 0.27, -0.01, -0.90480, 0.02188, -0.00958, -0.42517
1, 15, 36.532, 2.453, -1.845, -50.11, -44.86, 1170.96, 7.03, 5.61, 0.96, -0.90461, 0.02367, -0.01253, -0.42541
1, 15, 36.650, 3.976, -0.273, -151.61, 62.99, 1146.91, 7.53, 6.45, 2.33, -0.90406, 0.01694, -0.03037, -0.42599
1, 15, 36.778, 4.880, 1.172, -139.53, 83.98, 1148.07, 2.55, 1.61, 1.85, -0.90348, 0.00895, -0.04285, -0.42638
1, 15, 36.738, 4.203, 0.689, -77.09, 6.96, 1159.42, -2.46, -4.09, 0.27, -0.90378, 0.01022, -0.03573, -0.42637
1, 14, 36.652, 3.238, -0.428, -37.78, -45.78, 1166.20, -1.97, -4.85, -0.86, -0.90422, 0.01542, -0.02397, -0.42612
1, 16, 36.630, 2.230, -1.132, -16.97, -43.46, 1167.48, 0.41, -2.72, -0.72, -0.90442, 0.01723, -0.01339, -0.42609
1, 15, 36.920, 1.658, -1.576, -8.24, -33.45, 1171.08, 2.17, 1.73, 0.68, -0.90337, 0.01862, -0.00719, -0.42840
1, 15, 37.214, 2.323, -1.355, -42.48, -18.86, 1162.48, 3.15, 5.78, 1.56, -0.90218, 0.01940, -0.01320, -0.43072
1, 16, 37.353, 3.841, -0.939, -122.07, -4.52, 1154.54, 3.56, 6.09, 1.50, -0.90136, 0.02186, -0.02669, -0.43170
1, 15, 37.418, 5.167, -0.123, -159.85, 26.06, 1144.90, 3.00, 1.24, 0.92, -0.90083, 0.02045, -0.04018, -0.43183
1, 14, 37.456, 5.025, 0.674, -104.80, 28.99, 1153.50, 0.31, -4.19, 0.35, -0.90085, 0.01367, -0.04206, -0.43187
1, 16, 37.467, 3.448, 0.020, -4.64, -22.77, 1164.86, -1.49, -4.66, 0.02, -0.90117, 0.01286, -0.02720, -0.43241
1, 14, 37.543, 2.256, -0.976, 16.85, -58.23, 1170.59, -0.04, 0.24, 0.23, -0.90101, 0.01620, -0.01406, -0.43326
1, 16, 37.659, 2.792, -1.656, -58.23, -49.32, 1163.02, 2.89, 4.71, 1.08, -0.90034, 0.02359, -0.01567, -0.43426
1, 15, 37.693, 3.996, -0.869, -114.01, -3.36, 1158.63, 4.68, 4.10, 1.72, -0.90004, 0.02197, -0.02811, -0.43435
1, 15, 37.720, 4.538, 0.161, -110.78, 25.70, 1154.97, 3.23, 0.47, 1.33, -0.89994, 0.01594, -0.03627, -0.43421
1, 16, 37.732, 4.561, 0.724, -96.25, 22.77, 1154.05, 1.15, -1.85, 0.64, -0.89996, 0.01161, -0.03858, -0.43412
1, 15, 37.691, 4.106, 0.198, -77.76, -7.39, 1157.71, 0.43, -3.26, 0.26, -0.90018, 0.01400, -0.03302, -0.43404
1, 14, 37.674, 3.174, -0.481, -38.88, -31.56, 1167.11, 1.27, -2.33, 0.50, -0.90039, 0.01580, -0.02313, -0.43418
1, 16, 37.759, 2.314, -0.771, -20.75, -23.68, 1161.68, 2.50, 0.68, 1.11, -0.90021, 0.01484, -0.01526, -0.43493
1, 14, 37.938, 2.177, -0.502, -34.00, -3.85, 1165.28, 2.23, 2.53, 1.06, -0.89959, 0.01223, -0.01518, -0.43631
1, 15, 38.076, 2.822, -0.343, -62.01, -2.08, 1158.08, 1.63, 3.13, 0.61, -0.89896, 0.01346, -0.02083, -0.43733
1, 16, 38.000, 3.783, -0.366, -98.63, -13.31, 1153.81, 1.55, 2.56, 0.89, -0.89902, 0.01729, -0.02829, -0.43666
1, 15, 37.816, 4.322, -0.473, -105.71, -20.51, 1158.75, 2.13, 0.21, 1.18, -0.89954, 0.02013, -0.03215, -0.43518
1, 15, 37.688, 3.484, -0.186, -62.01, -6.35, 1156.80, 2.38, -1.30, 1.30, -0.90031, 0.01466, -0.02668, -0.43419
1, 16, 37.690, 2.670, -0.144, -38.51, -5.62, 1164.12, 2.27, -0.23, 1.17, -0.90048, 0.01125, -0.02044, -0.43427
1, 14, 37.756, 2.728, -0.192, -53.71, -6.04, 1163.15, 2.43, 1.36, 1.19, -0.90021, 0.01186, -0.02070, -0.43479
1, 15, 37.803, 3.084, 0.056, -66.35, 2.99, 1161.38, 2.34, 1.65, 0.95, -0.89999, 0.01127, -0.02444, -0.43509
1, 15, 37.818, 3.452, 0.249, -75.56, 6.04, 1159.67, 1.53, 1.23, 0.89, -0.89987, 0.01115, -0.02806, -0.43512
1, 15, 37.754, 3.517, -0.110, -74.28, -11.11, 1160.95, 1.14, 0.31, 0.60, -0.90006, 0.01421, -0.02722, -0.43469
1, 15, 37.741, 3.186, -0.337, -60.18, -11.41, 1161.32, 1.33, -0.25, 0.11, -0.90016, 0.01473, -0.02376, -0.43467
1, 16, 37.773, 3.013, -0.290, -57.19, -5.80, 1163.21, 1.33, 0.52, 0.24, -0.90008, 0.01372, -0.02257, -0.43492
1, 15, 37.786, 3.188, -0.558, -65.25, -16.48, 1156.62, 1.18, 1.47, 0.38, -0.89995, 0.01649, -0.02293, -0.43507
1, 15, 37.769, 3.400, -0.668, -71.90, -18.13, 1160.71, 1.75, 1.72, 0.99, -0.89995, 0.01815, -0.02417, -0.43495
1, 15, 37.765, 3.301, -0.417, -65.49, -8.18, 1156.56, 2.21, 1.38, 1.10, -0.90003, 0.01581, -0.02435, -0.43487
1, 15, 37.797, 3.401, -0.031, -69.76, 3.48, 1161.99, 1.95, 1.08, 0.65, -0.89993, 0.01316, -0.02660, -0.43502
1, 15, 37.806, 3.402, -0.223, -67.69, -8.67, 1156.01, 1.17, 0.95, 0.62, -0.89987, 0.01467, -0.02588, -0.43513
1, 15, 37.775, 3.353, -0.666, -67.20, -23.80, 1161.80, 1.47, 1.07, 0.91, -0.89994, 0.01796, -0.02382, -0.43500
1, 14, 37.769, 3.159, -0.490, -61.04, -10.38, 1162.84, 2.04, 1.54, 0.90, -0.90003, 0.01584, -0.02296, -0.43493
1, 16, 37.960, 3.848, -0.383, -82.95, -3.60, 1159.73, 2.14, 2.13, 1.05, -0.89915, 0.01766, -0.02875, -0.43634
1, 16, 38.042, 4.390, -0.276, -96.98, -3.97, 1154.54, 2.01, 0.76, 0.76, -0.89869, 0.01891, -0.03340, -0.43690
1, 14, 38.102, 4.096, -0.102, -77.76, 0.37, 1163.39, 1.54, -0.98, 0.57, -0.89858, 0.01644, -0.03174, -0.43735
1, 16, 38.184, 3.409, -0.308, -51.94, -9.03, 1159.73, 0.98, -1.20, 0.38, -0.89842, 0.01545, -0.02556, -0.43812
1, 14, 38.337, 2.722, -0.360, -34.12, -4.88, 1161.50, 1.07, -0.43, 0.40, -0.89798, 0.01326, -0.01996, -0.43938
1, 15, 38.499, 2.598, -0.792, -42.36, -20.02, 1167.24, 0.65, 0.92, 0.28, -0.89733, 0.01620, -0.01731, -0.44073
1, 15, 38.580, 2.981, -1.253, -61.89, -34.00, 1161.01, 1.56, 2.43, 0.40, -0.89685, 0.02129, -0.01852, -0.44143
1, 15, 38.626, 3.565, -0.977, -80.02, -17.88, 1158.14, 3.23, 3.03, 1.07, -0.89657, 0.02139, -0.02414, -0.44172
1, 16, 38.636, 3.777, 0.010, -81.18, 13.73, 1161.62, 3.23, 2.67, 1.30, -0.89663, 0.01448, -0.02960, -0.44155
1, 15, 38.634, 4.349, 0.293, -99.67, 8.12, 1155.21, 1.66, 1.94, 1.14, -0.89652, 0.01447, -0.03517, -0.44136
1, 15, 38.583, 4.478, 0.387, -95.89, 5.92, 1155.58, 0.89, -0.02, 1.15, -0.89669, 0.01422, -0.03654, -0.44092
1, 15, 38.516, 3.717, -0.057, -62.19, -13.06, 1161.44, -0.05, -1.63, 0.71, -0.89710, 0.01474, -0.02889, -0.44063
1, 15, 38.481, 2.882, -0.899, -34.12, -45.96, 1163.33, 0.62, -0.98, 0.78, -0.89732, 0.01812, -0.01912, -0.44060
1, 15, 38.491, 2.639, -1.110, -48.46, -28.75, 1165.95, 2.74, 0.88, 0.58, -0.89730, 0.01884, -0.01641, -0.44071
1, 15, 38.573, 2.919, -0.378, -61.58, 4.33, 1157.04, 3.16, 1.72, 0.89, -0.89703, 0.01420, -0.02140, -0.44122
1, 15, 38.638, 3.137, -0.154, -63.90, -0.12, 1157.35, 2.00, 1.53, 0.42, -0.89676, 0.01329, -0.02396, -0.44167
1, 15, 38.193, 3.223, -0.243, -77.94, -18.68, 1162.66, 1.94, 1.93, 0.45, -0.89844, 0.01423, -0.02435, -0.43820
1, 16, 37.840, 3.605, -0.125, -89.84, -13.43, 1155.70, 2.82, 1.36, 0.64, -0.89970, 0.01468, -0.02784, -0.43536
1, 15, 37.622, 3.518, 0.676, -79.90, 18.31, 1164.37, 2.53, 0.06, 0.91, -0.90063, 0.00801, -0.03021, -0.43346
1, 14, 37.447, 3.378, 0.836, -72.88, 13.55, 1164.43, 0.94, -0.21, 0.53, -0.90133, 0.00617, -0.02973, -0.43206
1, 16, 37.279, 3.328, 0.116, -71.23, -19.10, 1156.74, 0.92, 0.58, 0.94, -0.90192, 0.01161, -0.02664, -0.43092
1, 15, 37.081, 3.225, -0.276, -69.52, -19.96, 1157.53, 1.95, 0.70, 1.13, -0.90264, 0.01426, -0.02437, -0.42946
1, 14, 36.951, 2.933, 0.077, -60.18, 1.16, 1154.91, 1.40, -0.20, 0.87, -0.90323, 0.01037, -0.02341, -0.42839
1, 16, 36.860, 2.725, -0.241, -54.50, -13.55, 1159.79, 0.68, 0.48, 0.82, -0.90358, 0.01208, -0.02059, -0.42775
1, 14, 37.048, 3.161, -0.830, -63.96, -24.29, 1161.07, 1.25, 1.18, 0.86, -0.90270, 0.01838, -0.02180, -0.42932
1, 17, 37.173, 3.158, -0.733, -60.79, -12.27, 1170.84, 1.82, -0.02, 0.57, -0.90225, 0.01763, -0.02212, -0.43028
1, 15, 37.266, 2.777, -0.942, -44.62, -22.40, 1167.97, 2.49, 1.07, 0.17, -0.90195, 0.01786, -0.01832, -0.43107
1, 14, 37.382, 2.715, -1.087, -46.88, -25.88, 1164.25, 4.46, 3.21, 0.76, -0.90151, 0.01878, -0.01727, -0.43201
1, 16, 37.514, 3.825, -0.201, -108.76, 22.89, 1155.09, 4.14, 3.39, 1.40, -0.90087, 0.01603, -0.02932, -0.43279
1, 15, 37.643, 4.768, 0.878, -134.83, 61.71, 1141.78, 0.35, -0.66, 1.26, -0.90025, 0.01116, -0.04080, -0.43332
1, 14, 37.694, 4.080, 0.949, -70.98, 25.21, 1151.73, -3.04, -3.83, -0.05, -0.90025, 0.00801, -0.03566, -0.43384
1, 16, 37.679, 3.033, -0.290, -16.17, -50.48, 1163.82, -2.91, -2.37, -0.50, -0.90043, 0.01377, -0.02274, -0.43419
1, 15, 37.523, 2.265, -1.591, -23.68, -84.78, 1164.37, 0.67, 0.38, 0.04, -0.90099, 0.02107, -0.01180, -0.43317
1, 15, 37.446, 1.591, -1.547, -21.73, -38.21, 1170.78, 3.98, 3.04, 1.00, -0.90141, 0.01817, -0.00668, -0.43254
1, 16, 37.486, 2.045, -0.747, -44.25, -7.81, 1168.95, 5.10, 5.72, 1.48, -0.90130, 0.01360, -0.01326, -0.43279
1, 15, 37.502, 3.458, -0.095, -114.75, 11.66, 1156.37, 5.33, 6.52, 1.14, -0.90103, 0.01381, -0.02684, -0.43271
1, 14, 37.473, 5.005, 0.695, -176.39, 36.50, 1151.31, 4.30, 3.19, 1.26, -0.90080, 0.01343, -0.04198, -0.43200
1, 16, 37.414, 5.455, 1.765, -135.80, 58.53, 1145.08, 1.45, -2.78, 1.08, -0.90097, 0.00669, -0.04956, -0.43099
1, 14, 37.328, 3.995, 1.534, -42.91, 23.44, 1156.92, -2.33, -5.53, 0.40, -0.90167, 0.00297, -0.03721, -0.43080
1, 15, 37.269, 2.629, 0.291, 7.08, -46.75, 1164.49, -3.18, -3.68, -0.38, -0.90211, 0.00759, -0.02179, -0.43089
1, 16, 37.179, 1.820, -1.092, -7.26, -76.11, 1169.74, -0.50, -0.02, -0.41, -0.90244, 0.01543, -0.01023, -0.43041
1, 15, 37.103, 2.060, -1.405, -45.84, -38.64, 1165.53, 2.75, 2.83, 0.63, -0.90264, 0.01879, -0.01096, -0.42984
1, 16, 37.082, 2.207, -0.513, -46.63, 1.22, 1158.87, 2.94, 3.49, 1.02, -0.90281, 0.01232, -0.01547, -0.42958
1, 14, 37.034, 2.471, -0.779, -52.61, -23.50, 1161.32, 2.04, 3.55, 0.63, -0.90291, 0.01539, -0.01656, -0.42923
1, 15, 36.922, 3.558, -0.737, -101.93, -23.13, 1156.68, 3.46, 4.20, 0.46, -0.90309, 0.01911, -0.02530, -0.42829
1, 16, 36.846, 4.782, 0.139, -149.35, 21.06, 1152.10, 4.40, 2.92, 1.62, -0.90314, 0.01674, -0.03823, -0.42730
1, 14, 36.798, 4.942, 1.269, -113.53, 46.51, 1153.26, 2.28, -0.67, 2.06, -0.90340, 0.00842, -0.04370, -0.42649
1, 15, 36.745, 3.676, 1.104, -43.27, 15.69, 1160.64, -0.76, -2.90, 1.14, -0.90391, 0.00498, -0.03312, -0.42641
1, 16, 37.014, 3.124, -0.127, -31.49, -26.73, 1163.64, -1.42, -1.52, 0.22, -0.90294, 0.01269, -0.02415, -0.42891
1, 15, 37.192, 2.896, -1.151, -40.83, -44.68, 1166.38, -0.28, -0.34, -0.11, -0.90217, 0.01994, -0.01848, -0.43052
1, 15, 37.354, 2.595, -1.787, -37.11, -46.14, 1163.39, 1.16, 0.71, 0.54, -0.90151, 0.02384, -0.01369, -0.43188
1, 16, 37.546, 2.259, -1.773, -29.72, -33.39, 1165.59, 2.73, 2.90, 0.93, -0.90087, 0.02248, -0.01106, -0.43337
1, 14, 37.695, 3.406, -1.296, -91.25, -13.00, 1158.87, 4.07, 5.06, 0.89, -0.90012, 0.02309, -0.02185, -0.43449
1, 15, 37.787, 4.663, -0.476, -139.59, 18.19, 1151.06, 3.78, 2.63, 0.80, -0.89954, 0.02143, -0.03482, -0.43492
1, 16, 37.864, 4.906, 0.323, -107.97, 23.50, 1154.60, 1.76, -2.16, 0.70, -0.89930, 0.01612, -0.03975, -0.43522
1, 14, 37.915, 3.654, -0.016, -33.87, -9.03, 1162.60, -0.03, -3.34, 0.52, -0.89942, 0.01403, -0.02863, -0.43592
1, 16, 38.011, 2.689, -0.798, -13.98, -39.73, 1165.95, 0.79, -0.40, 0.50, -0.89918, 0.01651, -0.01807, -0.43690
1, 14, 38.065, 2.770, -1.033, -53.16, -26.43, 1165.89, 2.66, 3.10, 1.08, -0.89891, 0.01867, -0.01779, -0.43736
1, 16, 38.135, 3.500, -0.380, -85.75, 4.52, 1161.50, 2.62, 2.80, 1.59, -0.89857, 0.01635, -0.02600, -0.43774
1, 16, 38.151, 3.707, -0.155, -78.55, -2.14, 1159.73, 1.72, 1.35, 1.36, -0.89849, 0.01538, -0.02849, -0.43780
1, 14, 38.121, 3.750, -0.266, -77.76, -10.50, 1162.78, 1.85, 0.76, 0.88, -0.89858, 0.01641, -0.02840, -0.43759
1, 15, 38.092, 4.168, 0.001, -94.97, 1.71, 1150.94, 1.45, -0.58, 0.56, -0.89861, 0.01590, -0.03271, -0.43723
1, 16, 38.077, 3.495, 0.112, -60.91, 3.42, 1155.15, 0.05, -2.29, 0.43, -0.89886, 0.01247, -0.02785, -0.43718
1, 14, 38.089, 2.507, -0.599, -15.56, -34.06, 1161.93, 0.05, -0.12, 0.17, -0.89894, 0.01427, -0.01738, -0.43749
1, 15, 38.115, 2.308, -1.494, -34.61, -57.43, 1162.17, 2.72, 3.27, 0.68, -0.89875, 0.02054, -0.01240, -0.43781
1, 15, 38.053, 3.383, -1.030, -94.36, -19.90, 1158.57, 4.35, 3.56, 1.23, -0.89881, 0.02098, -0.02262, -0.43724
1, 16, 38.014, 3.765, 0.000, -91.00, 17.21, 1154.79, 3.11, 0.52, 1.25, -0.89902, 0.01435, -0.02955, -0.43668
1, 15, 37.954, 3.375, 0.145, -66.22, 1.10, 1165.04, 1.74, -0.69, 0.73, -0.89936, 0.01172, -0.02705, -0.43622
1, 15, 37.953, 2.934, 0.084, -52.73, -1.34, 1164.49, 1.78, -0.10, 0.50, -0.89945, 0.01052, -0.02335, -0.43628
1, 15, 37.986, 3.253, 0.199, -69.95, 5.13, 1153.32, 1.11, 0.37, 0.47, -0.89927, 0.01083, -0.02629, -0.43647
1, 14, 38.013, 3.032, 0.171, -57.56, 3.42, 1158.57, -0.42, 0.37, 0.92, -0.89921, 0.01022, -0.02444, -0.43672
1, 16, 37.973, 2.824, -0.842, -50.23, -46.39, 1158.08, 0.24, 1.42, 0.90, -0.89928, 0.01736, -0.01896, -0.43661
1, 15, 37.870, 2.864, -1.496, -60.73, -49.68, 1157.84, 2.61, 1.72, 0.88, -0.89955, 0.02264, -0.01680, -0.43590
1, 15, 37.863, 3.392, -1.090, -77.51, -21.06, 1161.62, 3.54, 1.25, 0.80, -0.89952, 0.02146, -0.02250, -0.43577
1, 16, 37.902, 3.458, -0.396, -71.90, -0.12, 1158.81, 3.27, 0.56, 1.34, -0.89947, 0.01627, -0.02565, -0.43593
1, 14, 38.000, 3.266, 0.181, -60.73, 12.45, 1159.24, 2.71, 0.31, 1.01, -0.89921, 0.01103, -0.02633, -0.43659
1, 16, 38.075, 3.378, -0.046, -66.96, -4.64, 1161.38, 1.88, 0.79, 0.54, -0.89888, 0.01325, -0.02633, -0.43721
1, 15, 38.073, 3.985, -0.272, -93.02, -13.12, 1157.10, 2.14, 0.85, 0.72, -0.89870, 0.01734, -0.03023, -0.43718
1, 14, 38.081, 3.998, 0.266, -83.44, 10.93, 1154.17, 2.04, -0.63, 0.98, -0.89873, 0.01317, -0.03238, -0.43710
1, 16, 38.112, 3.177, 0.036, -46.75, -4.21, 1156.43, 0.47, -1.24, 0.95, -0.89879, 0.01185, -0.02506, -0.43751
1, 14, 38.150, 2.481, -0.777, -27.10, -37.48, 1160.03, 0.55, 0.18, 0.68, -0.89869, 0.01558, -0.01649, -0.43800
1, 15, 38.030, 2.635, -1.119, -57.43, -32.47, 1161.87, 2.26, 2.09, 0.45, -0.89906, 0.01883, -0.01641, -0.43710
1, 17, 37.979, 3.128, -0.335, -75.13, 1.59, 1160.16, 2.91, 2.43, 0.97, -0.89927, 0.01455, -0.02328, -0.43654
1, 14, 37.904, 3.563, -0.095, -81.48, -3.78, 1160.77, 2.14, 1.85, 1.12, -0.89948, 0.01430, -0.02762, -0.43586
1, 15, 37.774, 3.897, -0.306, -89.11, -16.42, 1160.58, 2.17, 1.02, 1.43, -0.89985, 0.01719, -0.02946, -0.43485
1, 16, 37.648, 3.906, 0.133, -85.69, 1.46, 1158.51, 2.74, -0.61, 0.90, -0.90039, 0.01374, -0.03121, -0.43375
1, 14, 37.617, 3.317, 0.494, -60.55, 12.27, 1158.94, 1.91, -1.19, 0.64, -0.90068, 0.00867, -0.02795, -0.43349
1, 15, 37.645, 2.859, 0.238, -49.99, 0.79, 1160.28, 0.66, -0.56, 0.53, -0.90065, 0.00896, -0.02337, -0.43383
1, 15, 37.676, 2.420, -0.299, -38.88, -14.77, 1159.30, 0.07, 0.20, 0.40, -0.90056, 0.01152, -0.01789, -0.43421
1, 15, 37.715, 2.700, -1.006, -56.27, -32.59, 1163.33, 0.44, 1.36, 0.24, -0.90027, 0.01815, -0.01740, -0.43461
1, 17, 37.675, 3.177, -1.119, -73.18, -27.77, 1164.00, 1.59, 1.37, 0.45, -0.90028, 0.02083, -0.02073, -0.43431
1, 14, 37.594, 3.292, -1.084, -71.35, -26.86, 1162.29, 2.61, 0.67, 0.76, -0.90057, 0.02098, -0.02178, -0.43366
1, 15, 37.592, 2.804, -0.623, -48.89, -9.22, 1163.15, 3.18, 1.01, 0.88, -0.90077, 0.01550, -0.01969, -0.43358
1, 15, 37.691, 3.168, 0.028, -67.02, 10.99, 1158.75, 2.93, 2.42, 1.14, -0.90039, 0.01178, -0.02500, -0.43420
1, 15, 37.758, 3.845, 0.355, -88.56, 12.70, 1155.03, 1.60, 2.24, 0.99, -0.90001, 0.01180, -0.03156, -0.43456
1, 15, 37.716, 4.049, 0.029, -86.36, -7.20, 1156.25, 0.72, 0.69, 0.85, -0.90008, 0.01512, -0.03193, -0.43429
1, 15, 37.624, 3.787, -0.377, -75.87, -17.82, 1161.32, 0.69, -0.34, 0.78, -0.90044, 0.01730, -0.02835, -0.43370
1, 15, 37.430, 3.145, -0.497, -62.87, -18.07, 1159.12, 0.95, -0.92, 0.76, -0.90132, 0.01577, -0.02287, -0.43226
1, 15, 37.350, 2.400, -0.815, -39.31, -26.86, 1169.92, 1.37, -0.87, 0.76, -0.90174, 0.01546, -0.01582, -0.43172
1, 16, 37.344, 2.036, -0.797, -36.50, -18.74, 1167.48, 2.32, 0.78, 0.59, -0.90183, 0.01394, -0.01302, -0.43168
1, 15, 37.389, 2.686, -0.268, -64.09, 2.01, 1157.53, 2.40, 2.21, 0.77, -0.90160, 0.01224, -0.02013, -0.43193
1, 14, 37.363, 3.053, -0.203, -67.02, -5.62, 1155.64, 1.48, 1.32, 0.27, -0.90163, 0.01310, -0.02327, -0.43168
1, 16, 37.272, 3.161, -0.532, -67.20, -19.10, 1155.15, 1.27, 1.08, 0.34, -0.90191, 0.01607, -0.02289, -0.43103
1, 15, 37.167, 3.750, -0.427, -89.17, -12.70, 1157.90, 1.85, 1.44, 0.63, -0.90217, 0.01744, -0.02794, -0.43013
1, 14, 37.021, 3.687, -0.415, -78.61, -14.59, 1158.26, 1.97, 0.75, 0.96, -0.90273, 0.01707, -0.02750, -0.42898
1, 16, 37.031, 3.243, -0.759, -58.72, -23.62, 1164.12, 2.53, 0.60, 1.34, -0.90276, 0.01812, -0.02272, -0.42916
1, 15, 37.118, 2.908, -0.428, -51.09, -5.55, 1165.53, 3.14, 1.38, 1.36, -0.90255, 0.01428, -0.02131, -0.42981
1, 16, 37.259, 3.221, 0.127, -66.16, 12.63, 1163.39, 2.42, 1.70, 1.08, -0.90202, 0.01112, -0.02584, -0.43078
1, 15, 37.358, 3.932, 0.434, -92.83, 16.05, 1151.86, 0.97, 0.14, 0.95, -0.90151, 0.01140, -0.03258, -0.43138
1, 14, 37.392, 3.292, 0.292, -55.73, 5.37, 1157.84, -0.84, -2.09, 0.17, -0.90152, 0.01011, -0.02701, -0.43178
1, 16, 37.400, 2.330, -0.645, -8.36, -43.70, 1170.90, -0.51, 0.08, -0.38, -0.90158, 0.01386, -0.01591, -0.43209
1, 14, 37.402, 2.505, -1.658, -48.77, -67.20, 1161.74, 2.95, 4.14, 0.55, -0.90138, 0.02249, -0.01346, -0.43223
1, 15, 37.411, 3.813, -1.057, -123.78, -10.56, 1156.37, 4.88, 3.29, 1.73, -0.90112, 0.02269, -0.02602, -0.43219
1, 16, 37.441, 4.165, 0.233, -101.62, 40.83, 1152.95, 2.19, -0.67, 1.20, -0.90111, 0.01388, -0.03364, -0.43205
1, 14, 37.387, 3.192, 0.528, -50.17, 14.59, 1160.52, -0.27, -1.79, 0.18, -0.90158, 0.00787, -0.02711, -0.43169
1, 16, 37.351, 2.787, -0.284, -48.22, -23.25, 1166.99, -0.15, -0.90, -0.29, -0.90172, 0.01273, -0.02087, -0.43162
1, 16, 37.297, 2.662, -0.946, -52.43, -32.90, 1159.61, 0.65, 0.27, 0.15, -0.90186, 0.01746, -0.01740, -0.43132
1, 14, 37.277, 2.158, -1.229, -34.79, -33.14, 1162.84, 2.07, 2.24, 1.34, -0.90200, 0.01779, -0.01237, -0.43120
1, 15, 37.284, 2.667, -1.030, -58.47, -22.22, 1158.51, 3.15, 4.36, 1.46, -0.90190, 0.01814, -0.01712, -0.43123
1, 16, 37.277, 3.874, -0.368, -118.04, 5.49, 1153.44, 3.70, 3.46, 1.38, -0.90173, 0.01746, -0.02911, -0.43096
1, 14, 37.229, 4.463, 0.498, -111.57, 23.80, 1154.91, 2.64, -0.47, 0.85, -0.90186, 0.01285, -0.03701, -0.43025
1, 16, 37.183, 3.905, 0.882, -74.89, 21.06, 1157.10, 0.81, -2.40, 0.53, -0.90221, 0.00772, -0.03407, -0.42987
1, 15, 37.345, 3.138, 0.069, -37.96, -11.05, 1158.26, -0.57, -1.84, 0.43, -0.90171, 0.01128, -0.02496, -0.43148
1, 15, 37.446, 2.562, -0.947, -27.04, -44.37, 1162.72, -0.11, -0.59, 0.10, -0.90132, 0.01711, -0.01658, -0.43250
1, 16, 37.535, 2.372, -1.666, -37.48, -47.30, 1163.82, 1.55, 1.24, 0.19, -0.90090, 0.02206, -0.01236, -0.43328
1, 15, 37.633, 3.012, -1.242, -67.99, -18.62, 1160.64, 3.23, 2.46, 0.70, -0.90047, 0.02116, -0.01897, -0.43400
1, 14, 37.737, 3.571, -0.377, -81.30, 10.44, 1158.33, 3.20, 2.36, 0.94, -0.90007, 0.01651, -0.02663, -0.43462
1, 16, 37.848, 3.766, 0.221, -76.17, 15.32, 1157.84, 1.89, 1.34, 0.70, -0.89968, 0.01258, -0.03041, -0.43532
1, 14, 37.888, 3.939, -0.130, -80.57, -8.18, 1159.61, 0.64, 0.56, 0.52, -0.89943, 0.01600, -0.03044, -0.43570
1, 15, 37.863, 3.741, -0.608, -72.88, -22.28, 1162.41, 0.94, -0.15, 0.55, -0.89951, 0.01900, -0.02706, -0.43565
1, 16, 37.805, 3.233, -0.765, -61.10, -21.61, 1168.15, 1.69, -0.06, 0.88, -0.89984, 0.01829, -0.02249, -0.43526
1, 15, 37.865, 2.813, -0.418, -48.71, -4.39, 1165.47, 2.05, 0.84, 1.24, -0.89976, 0.01397, -0.02050, -0.43569
1, 15, 37.985, 2.578, -0.122, -43.33, 3.97, 1159.12, 1.11, 1.50, 0.66, -0.89937, 0.01078, -0.01977, -0.43660
1, 15, 38.026, 2.990, -0.758, -64.58, -27.83, 1156.25, 0.25, 2.15, 0.38, -0.89906, 0.01735, -0.02058, -0.43700
1, 15, 37.946, 3.564, -1.191, -85.94, -37.90, 1161.38, 1.66, 1.68, 0.35, -0.89914, 0.02291, -0.02345, -0.43643
1, 15, 37.869, 3.921, -0.653, -89.84, -10.80, 1160.83, 2.62, 1.03, 1.04, -0.89943, 0.02003, -0.02831, -0.43569
1, 15, 37.870, 3.602, 0.085, -68.60, 12.39, 1157.10, 1.98, 0.21, 0.77, -0.89962, 0.01303, -0.02861, -0.43555
1, 15, 37.876, 3.577, -0.068, -71.90, -4.27, 1160.77, 0.70, -0.02, 0.27, -0.89958, 0.01413, -0.02783, -0.43563
1, 16, 37.782, 3.347, -0.551, -68.42, -21.18, 1164.06, 0.71, -1.13, 0.34, -0.89993, 0.01703, -0.02420, -0.43502
1, 15, 37.780, 2.432, -0.353, -31.13, -4.33, 1166.08, 1.05, -1.55, 0.11, -0.90016, 0.01201, -0.01777, -0.43503
1, 15, 37.908, 1.707, -0.142, -12.39, 5.37, 1166.50, 0.32, 1.05, 0.27, -0.89980, 0.00761, -0.01286, -0.43605
1, 15, 38.010, 2.452, -0.626, -58.17, -20.39, 1167.66, -0.02, 3.72, 0.32, -0.89925, 0.01426, -0.01686, -0.43688
1, 15, 37.975, 3.687, -0.745, -112.67, -22.58, 1156.92, 0.96, 3.74, 0.63, -0.89908, 0.01989, -0.02611, -0.43656
1, 15, 37.861, 4.293, -0.298, -104.13, -4.21, 1150.76, 1.28, 0.95, 1.02, -0.89941, 0.01866, -0.03258, -0.43549
1, 15, 37.754, 3.918, 0.087, -79.53, 3.30, 1153.26, 0.14, -1.17, 0.76, -0.89998, 0.01418, -0.03111, -0.43459
1, 15, 37.687, 3.176, -0.338, -53.16, -16.05, 1160.52, -0.86, -1.80, 0.27, -0.90036, 0.01469, -0.02368, -0.43425
1, 14, 37.686, 2.527, -1.071, -36.56, -37.05, 1172.12, 0.00, -0.45, 0.08, -0.90040, 0.01800, -0.01581, -0.43440
1, 17, 37.719, 2.347, -1.304, -41.50, -30.64, 1164.98, 1.34, 1.91, 0.30, -0.90028, 0.01915, -0.01350, -0.43468
1, 15, 37.745, 2.688, -1.292, -57.31, -27.65, 1161.93, 1.94, 2.23, 0.56, -0.90011, 0.02035, -0.01622, -0.43489
1, 14, 37.719, 3.406, -1.098, -84.35, -22.71, 1159.97, 2.51, 1.46, 0.47, -0.90006, 0.02154, -0.02260, -0.43464
1, 16, 37.672, 3.614, -0.507, -80.38, -3.91, 1155.70, 1.95, -0.64, -0.01, -0.90029, 0.01768, -0.02649, -0.43413
1, 15, 37.635, 3.316, -0.515, -64.82, -12.70, 1163.82, 1.18, -1.01, -0.02, -0.90050, 0.01661, -0.02411, -0.43387
1, 14, 37.640, 2.755, -0.814, -44.19, -23.99, 1165.53, 1.91, 0.34, 0.32, -0.90057, 0.01683, -0.01857, -0.43399
1, 16, 37.711, 2.692, -0.656, -50.17, -11.60, 1161.93, 2.22, 1.66, 0.52, -0.90034, 0.01536, -0.01867, -0.43452
1, 15, 37.897, 2.899, -0.452, -53.41, -3.23, 1162.17, 1.45, 2.57, 0.43, -0.89961, 0.01458, -0.02105, -0.43594
1, 16, 37.975, 3.659, -0.623, -86.06, -16.11, 1162.90, 1.48, 2.44, 0.69, -0.89911, 0.01882, -0.02635, -0.43653
1, 15, 38.012, 3.901, -0.268, -82.34, -1.16, 1157.78, 1.51, 0.95, 0.78, -0.89896, 0.01697, -0.02959, -0.43671
1, 14, 38.070, 3.532, 0.045, -63.90, 7.14, 1159.61, 0.21, -0.08, 0.41, -0.89887, 0.01313, -0.02789, -0.43714
1, 16, 38.090, 3.257, -0.679, -56.95, -27.10, 1158.75, -0.74, 0.54, 0.21, -0.89876, 0.01776, -0.02296, -0.43748
1, 15, 38.042, 3.196, -1.536, -62.56, -52.86, 1158.87, 0.41, 0.88, 0.23, -0.89880, 0.02424, -0.01922, -0.43726
1, 14, 38.037, 2.982, -1.238, -57.50, -23.62, 1160.52, 2.05, 0.98, 0.69, -0.89894, 0.02109, -0.01868, -0.43717
1, 16, 38.133, 2.970, -0.489, -57.13, 4.46, 1162.60, 1.69, 1.21, 0.84, -0.89869, 0.01518, -0.02143, -0.43780
1, 14, 38.161, 3.190, -0.573, -66.22, -13.37, 1165.59, 0.83, 1.39, 0.53, -0.89852, 0.01669, -0.02283, -0.43801
1, 16, 38.104, 3.558, -0.965, -80.08, -29.85, 1157.90, 1.00, 1.01, 0.52, -0.89858, 0.02115, -0.02423, -0.43762
1, 16, 38.010, 3.823, -0.897, -85.82, -21.91, 1156.19, 1.49, -0.01, 0.76, -0.89888, 0.02161, -0.02658, -0.43686
1, 14, 37.951, 3.476, -0.646, -69.03, -13.31, 1158.45, 1.54, -0.93, 0.82, -0.89924, 0.01831, -0.02482, -0.43636
1, 15, 37.976, 2.817, -0.601, -45.23, -12.70, 1161.62, 1.31, -0.79, 0.81, -0.89931, 0.01545, -0.01982, -0.43659
1, 16, 38.052, 2.511, -0.819, -42.48, -19.53, 1161.07, 1.05, 0.66, 0.76, -0.89905, 0.01601, -0.01658, -0.43724
1, 14, 38.091, 2.871, -1.187, -62.19, -31.74, 1162.96, 1.30, 1.77, 0.94, -0.89877, 0.02028, -0.01800, -0.43759
1, 16, 38.069, 3.108, -1.185, -66.41, -27.40, 1158.33, 2.14, 1.85, 0.92, -0.89879, 0.02115, -0.01986, -0.43741
1, 15, 37.972, 2.955, -0.615, -61.34, -11.60, 1159.30, 2.35, 1.50, 0.80, -0.89929, 0.01609, -0.02085, -0.43656
1, 15, 37.908, 3.240, -0.578, -71.35, -15.32, 1163.21, 1.88, 1.46, 0.60, -0.89948, 0.01686, -0.02324, -0.43602
1, 16, 37.801, 3.554, -0.625, -80.14, -18.62, 1158.20, 2.02, 0.53, 0.47, -0.89980, 0.01841, -0.02554, -0.43517
1, 14, 37.715, 3.292, -0.387, -67.38, -9.40, 1159.79, 1.77, -0.40, 0.60, -0.90022, 0.01553, -0.02440, -0.43447
1, 15, 37.699, 2.790, -0.386, -49.93, -9.83, 1158.87, 1.29, -0.23, 0.47, -0.90040, 0.01361, -0.02046, -0.43438
1, 16, 37.683, 2.798, -0.935, -56.40, -29.79, 1164.12, 1.01, 0.82, 0.53, -0.90038, 0.01795, -0.01844, -0.43435
1, 14, 37.600, 3.173, -1.341, -72.94, -38.94, 1159.24, 1.94, 1.13, 0.67, -0.90053, 0.02255, -0.01987, -0.43376
1, 15, 37.527, 3.357, -0.853, -74.40, -17.03, 1159.42, 2.96, 0.82, 1.17, -0.90085, 0.01939, -0.02318, -0.43308
1, 16, 37.524, 3.000, -0.386, -57.13, -4.82, 1160.95, 2.51, 0.19, 1.16, -0.90101, 0.01437, -0.02213, -0.43299
1, 14, 37.460, 2.560, -0.280, -49.19, -8.48, 1165.22, 1.78, 0.70, 0.81, -0.90135, 0.01187, -0.01909, -0.43250
1, 16, 37.434, 2.943, -0.254, -65.19, -7.63, 1161.25, 1.57, 1.60, 0.68, -0.90138, 0.01310, -0.02219, -0.43226
1, 15, 37.349, 3.508, -0.369, -83.37, -13.73, 1158.75, 0.98, 1.24, 0.93, -0.90155, 0.01611, -0.02622, -0.43157
1, 15, 37.189, 3.126, -0.815, -63.23, -28.87, 1159.48, 0.92, -0.11, 0.81, -0.90218, 0.01816, -0.02156, -0.43043
1, 15, 37.089, 2.542, -0.944, -47.00, -26.00, 1163.82, 1.66, 0.03, 0.73, -0.90267, 0.01696, -0.01649, -0.42968
1, 15, 37.045, 2.533, -0.844, -52.55, -19.23, 1163.82, 1.94, 0.75, 0.37, -0.90285, 0.01614, -0.01680, -0.42932
1, 15, 37.008, 2.921, -0.727, -64.82, -16.54, 1157.17, 1.97, 1.46, 0.51, -0.90292, 0.01666, -0.02031, -0.42900
1, 16, 36.955, 3.256, -0.552, -71.96, -13.31, 1161.93, 2.03, 1.69, 0.96, -0.90307, 0.01652, -0.02360, -0.42853
1, 14, 36.677, 3.401, -0.450, -79.10, -17.46, 1165.53, 1.78, 0.84, 1.11, -0.90409, 0.01620, -0.02516, -0.42630
1, 16, 36.472, 3.245, -0.151, -71.23, -6.96, 1160.03, 1.68, -0.24, 0.60, -0.90492, 0.01322, -0.02508, -0.42463
1, 15, 36.334, 3.007, -0.110, -62.74, -6.35, 1157.84, 0.89, -0.51, 0.35, -0.90549, 0.01198, -0.02336, -0.42355
1, 15, 36.240, 2.638, -0.408, -50.66, -15.38, 1157.71, 0.30, 0.19, 0.37, -0.90588, 0.01296, -0.01935, -0.42290
1, 15, 36.142, 2.648, -1.089, -55.54, -39.06, 1161.38, 1.04, 1.75, 0.83, -0.90615, 0.01837, -0.01694, -0.42222
1, 15, 35.985, 2.947, -1.505, -69.15, -45.41, 1159.36, 2.73, 1.59, 1.27, -0.90658, 0.02273, -0.01780, -0.42105
1, 15, 35.857, 3.132, -0.785, -72.02, -13.31, 1157.04, 3.00, 0.62, 1.01, -0.90713, 0.01769, -0.02192, -0.41991
1, 14, 35.788, 2.962, -0.322, -61.58, -5.19, 1160.28, 2.23, -0.53, 0.65, -0.90748, 0.01339, -0.02228, -0.41928
1, 16, 36.099, 2.814, -0.634, -44.01, -10.31, 1171.08, 1.59, -0.14, 0.41, -0.90634, 0.01537, -0.01993, -0.42180
1, 16, 36.333, 2.786, -0.918, -45.59, -17.46, 1158.87, 1.36, 1.30, 0.37, -0.90544, 0.01756, -0.01862, -0.42371
1, 14, 36.488, 3.182, -1.220, -63.48, -27.16, 1162.41, 1.66, 2.25, 0.69, -0.90472, 0.02143, -0.02061, -0.42498
1, 16, 36.555, 4.164, -1.086, -104.74, -20.32, 1152.10, 2.21, 2.49, 1.17, -0.90421, 0.02403, -0.02885, -0.42544
1, 15, 36.622, 4.623, -0.296, -104.31, 8.48, 1146.97, 1.88, 0.11, 1.40, -0.90396, 0.01952, -0.03539, -0.42570
1, 14, 36.640, 3.727, -0.475, -57.13, -12.57, 1155.58, -0.22, -2.17, 0.43, -0.90413, 0.01761, -0.02765, -0.42599
1, 16, 36.653, 2.747, -1.509, -16.91, -67.69, 1168.88, 0.11, -1.37, 0.34, -0.90416, 0.02212, -0.01607, -0.42632
1, 15, 36.700, 2.240, -2.298, -26.49, -70.56, 1169.68, 3.56, 1.74, 0.82, -0.90393, 0.02647, -0.00913, -0.42675
1, 15, 36.475, 2.454, -0.846, -64.64, -2.75, 1163.82, 6.05, 3.65, 1.78, -0.90499, 0.01578, -0.01625, -0.42483
1, 16, 36.405, 2.939, 0.523, -80.32, 42.66, 1159.36, 4.18, 2.88, 1.40, -0.90529, 0.00674, -0.02516, -0.42399
1, 14, 36.243, 3.486, 0.686, -83.92, 10.38, 1156.92, 0.72, 1.27, 0.50, -0.90579, 0.00744, -0.03009, -0.42259
1, 16, 35.973, 3.807, -0.185, -94.42, -33.94, 1157.35, 0.22, -0.08, 0.01, -0.90662, 0.01544, -0.02945, -0.42064
1, 15, 35.616, 3.747, -0.667, -87.52, -31.62, 1159.67, 1.22, -1.46, 0.65, -0.90787, 0.01895, -0.02727, -0.41794
1, 14, 35.400, 2.637, -0.949, -38.70, -36.80, 1161.50, 1.80, -2.19, 1.06, -0.90888, 0.01710, -0.01748, -0.41633
1, 16, 35.330, 1.564, -1.049, -9.34, -31.07, 1165.89, 2.88, -0.27, 1.06, -0.90932, 0.01400, -0.00860, -0.41578
1, 14, 35.320, 1.939, -0.998, -43.03, -23.80, 1162.35, 3.33, 2.51, 1.09, -0.90930, 0.01495, -0.01177, -0.41570
1, 15, 35.677, 3.383, -1.137, -92.77, -17.52, 1157.71, 3.72, 2.56, 0.79, -0.90766, 0.02135, -0.02266, -0.41854
1, 17, 36.017, 3.827, -0.546, -74.04, 6.59, 1158.69, 3.49, 0.86, 1.24, -0.90640, 0.01838, -0.02828, -0.42108
1, 14, 36.340, 3.653, -0.310, -58.90, 4.46, 1161.19, 2.08, 1.17, 0.99, -0.90529, 0.01596, -0.02773, -0.42359
1, 15, 36.539, 4.138, -0.833, -83.98, -23.80, 1155.76, 1.82, 1.50, 1.10, -0.90433, 0.02193, -0.02959, -0.42525
1, 15, 36.667, 4.413, -0.925, -90.21, -19.71, 1155.82, 2.62, -0.34, 1.08, -0.90375, 0.02371, -0.03139, -0.42626
1, 15, 36.832, 3.598, -0.516, -51.09, 0.18, 1159.73, 2.33, -1.74, 1.08, -0.90345, 0.01749, -0.02646, -0.42752
1, 15, 37.048, 2.917, -0.758, -36.13, -14.77, 1160.58, 1.24, -0.63, 0.87, -0.90277, 0.01690, -0.02015, -0.42932
1, 15, 37.233, 2.765, -1.425, -43.82, -38.02, 1162.96, 1.61, 0.30, 0.72, -0.90200, 0.02161, -0.01641, -0.43088
1, 15, 37.236, 2.991, -1.362, -62.81, -30.33, 1160.77, 3.11, 1.21, 0.78, -0.90195, 0.02196, -0.01843, -0.43090
1, 17, 37.293, 3.310, -0.577, -71.96, -1.40, 1160.64, 3.48, 1.53, 1.17, -0.90179, 0.01699, -0.02389, -0.43119
1, 14, 37.357, 3.733, -0.152, -81.48, 1.83, 1155.40, 2.32, 0.91, 1.26, -0.90150, 0.01526, -0.02881, -0.43156
1, 15, 37.361, 3.393, -0.439, -63.90, -14.89, 1159.36, 1.48, -0.49, 0.87, -0.90153, 0.01623, -0.02505, -0.43169
1, 15, 37.350, 2.901, -0.979, -49.38, -32.35, 1164.67, 1.97, -0.30, 0.44, -0.90161, 0.01863, -0.01915, -0.43173
1, 15, 37.398, 2.839, -0.925, -55.60, -20.57, 1163.51, 3.17, 0.69, 1.10, -0.90145, 0.01798, -0.01885, -0.43210
1, 15, 37.499, 3.093, -0.311, -64.33, 1.59, 1162.54, 3.14, 1.35, 1.40, -0.90110, 0.01413, -0.02315, -0.43277
1, 15, 37.612, 2.999, -0.107, -56.03, 0.43, 1159.61, 2.13, 1.23, 1.51, -0.90071, 0.01219, -0.02318, -0.43363
1, 15, 37.782, 3.226, -0.696, -61.83, -21.73, 1160.10, 1.37, 1.10, 1.05, -0.89994, 0.01772, -0.02270, -0.43506
1, 15, 37.818, 3.621, -1.243, -80.69, -39.37, 1162.48, 2.43, 0.26, 1.15, -0.89960, 0.02351, -0.02372, -0.43544
1, 16, 37.823, 3.221, -1.352, -60.06, -33.94, 1159.06, 4.10, -0.64, 1.30, -0.89967, 0.02286, -0.02017, -0.43551
1, 15, 37.959, 2.438, -0.681, -23.74, 2.08, 1165.47, 3.66, 0.89, 1.46, -0.89944, 0.01463, -0.01655, -0.43649
1, 14, 38.207, 2.455, -0.216, -39.00, 7.32, 1161.74, 2.37, 3.21, 1.39, -0.89854, 0.01109, -0.01842, -0.43836
1, 16, 38.318, 3.594, -0.520, -100.71, -20.26, 1156.98, 2.30, 3.17, 1.31, -0.89783, 0.01785, -0.02618, -0.43921
1, 15, 38.286, 4.285, -0.821, -106.02, -30.76, 1156.07, 3.74, 0.18, 1.64, -0.89770, 0.02284, -0.03045, -0.43897
1, 14, 38.247, 3.811, -0.560, -74.52, -14.28, 1158.87, 4.03, -1.31, 1.94, -0.89803, 0.01898, -0.02773, -0.43864
1, 16, 38.184, 2.800, -0.023, -41.75, 1.83, 1162.78, 3.65, -0.93, 1.91, -0.89859, 0.01089, -0.02187, -0.43812
1, 16, 38.230, 2.390, 0.055, -42.05, -0.67, 1163.94, 2.95, 0.24, 1.67, -0.89849, 0.00872, -0.01896, -0.43850
1, 15, 38.314, 2.292, 0.030, -42.54, -1.10, 1159.85, 2.53, 1.08, 1.59, -0.89818, 0.00855, -0.01808, -0.43917
1, 15, 38.380, 2.551, 0.088, -52.86, 1.28, 1160.03, 2.04, 1.80, 1.34, -0.89789, 0.00910, -0.02033, -0.43966
1, 14, 38.365, 3.107, -0.136, -72.45, -10.07, 1159.85, 1.69, 2.30, 1.27, -0.89782, 0.01299, -0.02383, -0.43953
1, 16, 38.239, 3.587, -0.416, -84.66, -19.90, 1153.26, 2.00, 1.63, 1.05, -0.89815, 0.01699, -0.02653, -0.43856
1, 15, 38.073, 3.893, -0.356, -89.72, -14.83, 1155.27, 2.62, 0.84, 1.66, -0.89871, 0.01765, -0.02919, -0.43722
1, 14, 37.955, 3.397, -0.201, -67.93, -9.16, 1158.45, 2.34, -0.37, 1.99, -0.89931, 0.01452, -0.02590, -0.43630
1, 16, 37.906, 2.871, -0.470, -52.98, -19.04, 1162.41, 2.28, -0.47, 1.88, -0.89958, 0.01462, -0.02076, -0.43601
1, 14, 38.005, 2.534, -0.391, -46.45, -8.73, 1167.97, 2.82, -0.32, 1.96, -0.89928, 0.01273, -0.01840, -0.43680
1, 16, 38.128, 2.324, -0.282, -41.44, -4.70, 1161.68, 2.81, -0.07, 1.51, -0.89886, 0.01109, -0.01716, -0.43776
1, 16, 38.271, 1.940, -0.267, -28.32, -4.64, 1166.20, 2.65, 1.01, 1.27, -0.89837, 0.00952, -0.01419, -0.43890
1, 14, 38.392, 2.661, -0.248, -61.52, -4.82, 1164.61, 2.42, 2.85, 1.40, -0.89779, 0.01216, -0.01990, -0.43981
1, 15, 38.410, 3.551, -0.182, -90.33, -5.98, 1148.56, 2.12, 2.40, 1.61, -0.89754, 0.01506, -0.02713, -0.43985
1, 15, 38.325, 3.720, -0.107, -81.79, -6.04, 1156.56, 1.58, 0.04, 1.21, -0.89783, 0.01510, -0.02875, -0.43915
1, 15, 38.252, 2.987, -0.433, -50.05, -19.41, 1163.76, 1.42, -0.38, 1.07, -0.89824, 0.01483, -0.02177, -0.43872
1, 16, 38.218, 2.721, -0.978, -51.09, -33.87, 1161.62, 2.53, 1.15, 1.46, -0.89835, 0.01808, -0.01760, -0.43856
1, 14, 38.014, 2.255, -0.684, -47.85, -21.73, 1166.44, 4.09, 2.08, 2.17, -0.89926, 0.01396, -0.01509, -0.43692
1, 16, 37.973, 2.543, 0.115, -58.41, 6.47, 1161.87, 4.49, 2.73, 2.18, -0.89945, 0.00879, -0.02040, -0.43646
1, 16, 37.930, 3.270, 0.495, -81.85, 9.64, 1159.55, 3.52, 2.33, 1.82, -0.89950, 0.00856, -0.02756, -0.43596
1, 14, 37.792, 3.401, 0.556, -75.87, 5.25, 1158.20, 2.61, 0.02, 1.03, -0.90001, 0.00854, -0.02883, -0.43484
1, 15, 37.659, 2.800, 0.170, -51.15, -9.28, 1158.94, 2.27, -0.28, 0.55, -0.90060, 0.00927, -0.02265, -0.43396
1, 15, 37.563, 3.100, -0.057, -70.25, -10.31, 1161.99, 2.66, 1.15, 1.10, -0.90088, 0.01217, -0.02416, -0.43322
1, 15, 37.473, 3.487, 0.339, -81.12, 5.68, 1155.88, 2.61, 0.27, 1.50, -0.90117, 0.01050, -0.02871, -0.43238
1, 14, 37.422, 2.496, 0.277, -32.96, -0.49, 1159.67, 1.79, -1.24, 1.12, -0.90155, 0.00723, -0.02069, -0.43211
1, 16, 37.554, 2.273, -0.669, -33.63, -33.02, 1165.95, 1.98, 0.63, 0.76, -0.90101, 0.01385, -0.01534, -0.43331
1, 16, 37.643, 3.111, -0.544, -76.48, -11.23, 1159.61, 3.96, 2.10, 1.18, -0.90051, 0.01606, -0.02239, -0.43395
1, 14, 37.732, 3.424, 0.262, -73.67, 17.52, 1155.52, 3.56, 1.39, 1.50, -0.90020, 0.01093, -0.02790, -0.43444
1, 16, 37.808, 3.386, 0.190, -65.55, 1.28, 1157.53, 2.22, 1.47, 1.90, -0.89991, 0.01137, -0.02732, -0.43506
1, 15, 37.831, 3.510, -0.146, -72.63, -10.99, 1161.25, 2.08, 0.94, 1.75, -0.89976, 0.01448, -0.02702, -0.43530
1, 14, 37.833, 3.392, -0.155, -68.30, -6.90, 1156.01, 2.54, 0.01, 1.69, -0.89978, 0.01411, -0.02605, -0.43533
1, 16, 37.877, 3.078, -0.077, -58.29, -3.42, 1159.79, 2.72, -0.16, 1.92, -0.89969, 0.01231, -0.02388, -0.43569
1, 14, 37.995, 2.557, 0.060, -41.32, 2.50, 1164.31, 2.37, -0.09, 2.23, -0.89936, 0.00928, -0.02030, -0.43664
1, 16, 38.222, 2.126, 0.058, -27.40, 4.03, 1163.57, 2.17, 1.10, 1.27, -0.89856, 0.00768, -0.01690, -0.43846
1, 15, 38.370, 2.807, -0.104, -64.51, -3.91, 1164.67, 1.84, 2.33, 0.79, -0.89786, 0.01158, -0.02160, -0.43959
1, 15, 38.376, 3.443, -0.454, -83.74, -20.51, 1158.33, 2.32, 1.09, 0.68, -0.89766, 0.01677, -0.02524, -0.43965
1, 16, 38.346, 3.441, -0.328, -71.53, -9.77, 1159.91, 3.23, 0.53, 1.26, -0.89779, 0.01576, -0.02571, -0.43939
1, 14, 38.375, 3.141, -0.007, -57.68, 2.01, 1160.52, 2.79, 1.25, 1.34, -0.89779, 0.01211, -0.02459, -0.43958
1, 15, 38.407, 3.524, -0.187, -77.82, -11.41, 1159.85, 3.32, 1.43, 1.82, -0.89755, 0.01499, -0.02689, -0.43983
1, 16, 38.435, 3.822, 0.188, -84.53, 5.00, 1153.93, 3.71, 0.22, 2.30, -0.89742, 0.01321, -0.03067, -0.43992
1, 14, 38.538, 3.495, 0.933, -64.27, 33.20, 1157.35, 2.14, -0.74, 2.37, -0.89716, 0.00614, -0.03096, -0.44058
1, 15, 38.813, 2.899, 0.815, -39.55, 20.57, 1162.17, 0.05, -0.54, 1.84, -0.89621, 0.00484, -0.02583, -0.44286
1, 16, 38.981, 2.554, -0.034, -35.10, -16.97, 1169.19, 0.04, -0.47, 0.98, -0.89556, 0.01018, -0.01983, -0.44438
1, 15, 39.100, 2.240, -0.673, -32.10, -24.35, 1165.47, 0.76, 0.43, 0.36, -0.89509, 0.01396, -0.01489, -0.44543
1, 15, 39.161, 2.160, -1.415, -35.58, -46.57, 1164.49, 2.40, 2.33, 0.49, -0.89475, 0.01945, -0.01136, -0.44599
1, 15, 39.196, 3.167, -1.177, -84.29, -25.45, 1164.06, 5.58, 4.90, 1.40, -0.89443, 0.02152, -0.02015, -0.44623
1, 15, 39.283, 4.399, 0.138, -140.93, 47.73, 1137.70, 6.20, 4.03, 2.57, -0.89397, 0.01608, -0.03487, -0.44647
1, 15, 39.388, 4.911, 1.536, -126.53, 81.42, 1150.45, 2.39, -1.41, 2.08, -0.89356, 0.00720, -0.04430, -0.44670
1, 15, 39.405, 3.828, 1.332, -55.48, 24.84, 1163.33, -2.24, -5.03, 0.85, -0.89375, 0.00456, -0.03506, -0.44717
1, 15, 39.199, 2.520, 0.223, -19.35, -39.43, 1166.20, -2.13, -4.18, 0.50, -0.89474, 0.00807, -0.02054, -0.44605
1, 17, 39.110, 1.246, -0.521, 14.59, -42.54, 1166.08, -0.05, -2.43, 0.49, -0.89520, 0.00891, -0.00771, -0.44551
1, 14, 39.107, 0.318, -1.029, 22.83, -38.76, 1177.37, 1.93, 2.12, 0.50, -0.89524, 0.00927, 0.00151, -0.44548
1, 15, 39.116, 1.434, -0.818, -47.12, -16.91, 1162.41, 3.76, 7.48, 0.84, -0.89513, 0.01197, -0.00802, -0.44557
1, 16, 39.071, 3.178, -0.159, -142.46, 14.16, 1150.57, 4.20, 7.02, 1.44, -0.89507, 0.01359, -0.02422, -0.44505
1, 14, 38.912, 4.222, 0.596, -130.92, 23.25, 1156.25, 2.88, 1.27, 0.89, -0.89552, 0.01170, -0.03531, -0.44347
1, 15, 38.666, 4.041, 1.128, -91.06, 21.00, 1162.48, 2.10, -1.66, 0.85, -0.89656, 0.00676, -0.03597, -0.44141
1, 15, 38.534, 3.349, 1.174, -63.72, 18.98, 1156.56, 1.01, -2.24, 1.07, -0.89722, 0.00369, -0.03074, -0.44051
1, 15, 38.465, 2.309, 0.941, -32.96, 12.15, 1164.55, 0.09, -3.04, 0.76, -0.89764, 0.00150, -0.02170, -0.44020
1, 16, 38.489, 1.205, 0.408, 11.17, -6.41, 1170.04, -0.47, -0.64, 0.27, -0.89765, 0.00144, -0.01101, -0.44058
1, 15, 38.532, 1.204, -0.521, -17.46, -31.80, 1154.97, 0.53, 3.87, 0.50, -0.89744, 0.00871, -0.00742, -0.44099
1, 15, 38.480, 2.642, -0.603, -101.99, -21.42, 1150.33, 1.70, 5.42, 0.81, -0.89742, 0.01487, -0.01838, -0.44055
1, 15, 38.333, 3.836, -0.195, -125.61, -2.44, 1155.09, 1.86, 1.97, 1.30, -0.89775, 0.01623, -0.02932, -0.43922
1, 15, 38.037, 3.472, 0.043, -77.64, -6.23, 1160.89, 1.61, -1.37, 0.89, -0.89901, 0.01290, -0.02741, -0.43688
1, 15, 37.911, 2.310, -0.144, -24.11, -15.38, 1168.70, 1.91, -2.11, 0.47, -0.89970, 0.00992, -0.01759, -0.43604
1, 16, 37.910, 1.667, -0.048, -23.56, -3.11, 1171.69, 3.24, 0.20, 0.53, -0.89980, 0.00672, -0.01291, -0.43606
1, 14, 38.017, 2.072, 0.653, -44.80, 24.72, 1161.99, 2.99, 2.45, 1.11, -0.89938, 0.00278, -0.01876, -0.43677
1, 15, 38.319, 3.009, 0.885, -65.86, 29.48, 1157.53, 1.21, 3.07, 1.14, -0.89809, 0.00460, -0.02698, -0.43896
1, 16, 38.416, 3.512, 0.243, -75.13, -5.68, 1158.45, -0.30, 2.17, 0.76, -0.89757, 0.01158, -0.02845, -0.43980
