182, 7, 64.840, -11.541, -22.020, 93.63, -419.74, 905.46, -43.00, -3.94, 21.24, -0.76770, 0.08446, 0.19676, -0.60398
182, 27, 65.409, -16.845, -25.716, 430.97, -528.14, 1000.49, -42.97, -15.33, 19.01, -0.76382, 0.07858, 0.25035, -0.58968
182, 15, 65.497, -18.431, -26.781, 396.79, -493.71, 1007.93, -34.84, -4.11, 16.91, -0.76304, 0.07660, 0.26582, -0.58416
182, 17, 64.863, -18.295, -26.142, 313.78, -416.38, 1003.05, -33.62, -0.44, 8.90, -0.76666, 0.07455, 0.26130, -0.58172
182, 16, 64.701, -17.611, -27.314, 262.33, -503.05, 957.03, -29.02, -5.15, 1.88, -0.76649, 0.08657, 0.26282, -0.57959
182, 15, 64.262, -18.063, -27.266, 311.10, -477.11, 973.39, -23.30, -9.12, 3.56, -0.76886, 0.08476, 0.26510, -0.57567
182, 16, 63.584, -18.760, -26.322, 325.50, -398.56, 953.61, -24.44, -10.00, 0.31, -0.77305, 0.07613, 0.26430, -0.57161
182, 15, 62.995, -19.106, -25.547, 308.78, -357.48, 914.18, -32.04, -12.47, 1.17, -0.77652, 0.07034, 0.26227, -0.56858
182, 15, 62.695, -18.987, -25.319, 297.73, -361.94, 916.99, -40.83, -14.35, 7.20, -0.77813, 0.07013, 0.26019, -0.56735
182, 16, 62.823, -19.973, -26.368, 347.84, -391.42, 874.15, -49.61, -17.11, 8.21, -0.77691, 0.07157, 0.27174, -0.56342
182, 15, 63.424, -20.791, -28.369, 403.08, -455.63, 916.99, -58.82, -16.44, 12.82, -0.77272, 0.07916, 0.28711, -0.56054
182, 16, 64.676, -21.823, -31.583, 459.41, -526.12, 811.95, -63.39, -11.26, 24.45, -0.76440, 0.09175, 0.31011, -0.55777
182, 16, 66.462, -22.135, -34.660, 508.24, -575.01, 815.73, -59.31, 2.48, 55.56, -0.75315, 0.10540, 0.32853, -0.56012
182, 15, 68.431, -21.884, -37.167, 654.85, -752.38, 927.67, -34.62, 23.81, 79.29, -0.74090, 0.11741, 0.34130, -0.56639
182, 16, 70.327, -19.681, -38.944, 589.90, -984.01, 1000.24, 9.83, 52.03, 94.61, -0.72781, 0.13588, 0.33966, -0.58005
182, 16, 71.092, -17.170, -38.148, 474.98, -980.22, 1045.29, 64.09, 72.22, 83.44, -0.72251, 0.14322, 0.32218, -0.59470
182, 15, 67.541, -13.865, -25.268, -14.59, 781.56, 1724.00, 104.44, 89.66, 32.23, -0.75190, 0.08792, 0.23083, -0.61126
182, 16, 64.831, -9.708, -26.945, -329.90, -1170.53, 1178.10, 33.24, 67.33, -66.17, -0.76217, 0.12747, 0.21075, -0.59869
182, 15, 62.459, -6.915, -26.420, -274.05, -754.58, 881.77, 67.92, 24.56, -37.83, -0.77292, 0.14318, 0.18702, -0.58917
182, 16, 62.029, -3.508, -20.962, -314.09, -246.77, 995.91, 74.99, 16.32, 49.76, -0.77882, 0.12495, 0.13547, -0.59956
182, 16, 61.843, -7.323, -19.575, 138.18, -543.82, 1102.60, 54.63, -46.46, 38.30, -0.78350, 0.09542, 0.15373, -0.59447
182, 15, 62.174, -9.412, -15.067, 114.69, -270.14, 1263.12, 73.95, -46.86, 56.27, -0.78534, 0.05292, 0.14452, -0.59963
182, 15, 60.674, -11.232, -11.575, -4.52, -179.81, 1120.79, 48.51, -92.26, -20.23, -0.79425, 0.02098, 0.13824, -0.59128
182, 16, 59.545, -17.528, -10.491, 339.17, -190.92, 840.21, 31.37, -109.21, -33.95, -0.79770, -0.01814, 0.17566, -0.57662
182, 15, 60.526, -26.820, -11.978, 699.22, -256.10, 405.52, 29.21, -95.80, -11.98, -0.78558, -0.05845, 0.24512, -0.56513
182, 15, 62.642, -34.068, -13.663, 913.76, -244.51, 450.50, 16.25, -80.24, 1.31, -0.76739, -0.09060, 0.29887, -0.55998
182, 16, 66.352, -36.183, -15.882, 1095.34, -430.85, 712.10, 23.79, -20.68, 10.64, -0.74800, -0.09752, 0.31988, -0.57328
182, 16, 69.393, -32.913, -18.099, 831.42, -617.37, 955.02, 31.03, 46.57, 6.68, -0.73786, -0.07292, 0.30936, -0.59544
182, 17, 67.006, -23.841, -12.759, 55.97, 26.61, 1999.94, 31.81, 101.52, -15.90, -0.75535, -0.05026, 0.22678, -0.61278
182, 15, 65.151, -15.366, -17.140, -531.37, -1018.74, 908.63, -3.68, 80.21, -109.68, -0.76909, 0.02995, 0.19593, -0.60763
182, 15, 63.846, -10.196, -19.112, -243.59, -473.57, 947.08, -21.37, 27.92, -37.61, -0.77448, 0.07389, 0.17193, -0.60428
182, 16, 61.724, -12.207, -19.321, 327.82, -362.18, 1091.98, -32.58, 23.17, -42.08, -0.78586, 0.06772, 0.18505, -0.58617
182, 15, 60.111, -15.164, -20.451, 948.79, -437.01, 1180.48, -47.94, 79.92, -17.22, -0.79362, 0.06256, 0.20956, -0.56776
182, 15, 58.893, -13.497, -21.254, 469.18, -391.72, 1062.19, -39.38, 129.30, 10.86, -0.79899, 0.07906, 0.20157, -0.56101
182, 16, 57.030, -7.420, -20.645, -40.28, -360.60, 1056.88, -22.35, 120.68, 19.13, -0.80682, 0.10883, 0.15550, -0.55947
182, 16, 56.053, -5.338, -22.144, 36.01, -607.42, 1063.11, -3.32, 73.72, 31.26, -0.80887, 0.13112, 0.14730, -0.55393
182, 15, 55.551, -5.107, -23.351, 93.81, -838.26, 1180.42, 27.53, 42.58, 36.70, -0.80970, 0.14143, 0.15090, -0.54919
182, 16, 55.753, -5.177, -23.546, 95.21, -902.22, 1162.78, 70.75, 25.59, 53.96, -0.80854, 0.14220, 0.15257, -0.55024
182, 15, 55.938, -4.294, -21.800, -40.53, -736.45, 1066.47, 120.82, 14.53, 53.32, -0.80914, 0.13401, 0.13821, -0.55518
182, 16, 55.930, -4.197, -18.710, -61.10, -621.15, 970.28, 167.57, -12.81, 37.86, -0.81245, 0.11263, 0.12251, -0.55878
182, 15, 55.887, -5.954, -14.539, 45.35, -398.44, 854.55, 181.88, -30.53, 36.58, -0.81677, 0.07428, 0.11448, -0.56059
182, 15, 55.826, -9.183, -6.737, 192.14, -61.28, 877.44, 172.64, -40.06, 27.48, -0.81965, 0.00247, 0.09905, -0.56423
182, 17, 55.707, -11.944, 0.219, 235.11, 101.26, 971.07, 151.00, -54.65, 21.55, -0.81704, -0.06087, 0.08440, -0.56712
182, 15, 55.723, -13.991, 6.824, 261.90, 307.62, 1061.83, 122.39, -55.56, 30.14, -0.80984, -0.11785, 0.06619, -0.57087
182, 15, 55.853, -13.936, 9.311, 102.54, 108.46, 886.11, 86.88, -64.80, 13.63, -0.80651, -0.13519, 0.05324, -0.57309
182, 16, 56.203, -15.851, 8.458, 228.15, -22.03, 1018.13, 55.95, -76.55, 3.34, -0.80327, -0.13871, 0.07074, -0.57490
182, 15, 56.598, -18.106, 5.780, 293.64, -184.20, 1062.01, 30.00, -83.91, -14.72, -0.80138, -0.13127, 0.09971, -0.57500
182, 15, 56.631, -18.287, 4.151, 174.93, -80.87, 993.29, 18.84, -75.54, -23.42, -0.80276, -0.12079, 0.10912, -0.57365
182, 16, 55.794, -19.577, 5.032, 231.57, 96.80, 790.59, -6.79, -77.84, -23.02, -0.80418, -0.13245, 0.11479, -0.56795
182, 15, 55.524, -21.009, 4.880, 372.86, 212.71, 1027.47, -65.84, -76.75, -27.03, -0.80359, -0.13803, 0.12602, -0.56508
182, 17, 56.357, -22.670, 1.366, 521.00, 69.21, 1125.37, -111.91, -59.16, -21.11, -0.80100, -0.12251, 0.15412, -0.56537
182, 15, 58.185, -23.078, -4.657, 564.45, -144.65, 1152.95, -138.71, -23.48, -8.89, -0.79686, -0.08525, 0.18511, -0.56875
182, 16, 60.451, -22.093, -12.363, 547.67, -467.22, 1148.01, -142.38, 9.60, -0.89, -0.79045, -0.03071, 0.21567, -0.57248
182, 16, 62.672, -19.255, -19.454, 437.01, -698.67, 1225.16, -117.36, 37.69, 22.87, -0.78076, 0.02882, 0.23257, -0.57922
182, 15, 63.844, -16.487, -24.426, 368.53, -745.24, 1179.69, -75.10, 48.84, 23.42, -0.77261, 0.07526, 0.24043, -0.58275
182, 15, 64.075, -12.947, -26.878, 124.69, -721.98, 1128.11, -24.90, 42.55, 15.57, -0.76818, 0.11071, 0.23043, -0.58698
182, 16, 63.632, -12.420, -24.630, 231.69, -430.79, 1047.85, 25.81, 17.05, 17.46, -0.77226, 0.09934, 0.21508, -0.58948
182, 15, 62.659, -13.783, -19.835, 373.17, -135.31, 1057.62, 35.17, 23.35, 19.87, -0.78100, 0.06118, 0.19866, -0.58893
182, 17, 62.238, -13.243, -16.536, 216.61, -86.00, 1042.66, 3.00, 12.93, 26.50, -0.78463, 0.04225, 0.17787, -0.59239
182, 15, 62.489, -11.710, -15.987, 148.56, -259.28, 1047.79, -8.99, 7.34, 33.42, -0.78351, 0.04640, 0.16489, -0.59730
182, 15, 62.752, -10.485, -17.823, 57.62, -442.20, 1046.69, -10.25, -10.53, 14.79, -0.78108, 0.06519, 0.16642, -0.59830
182, 16, 62.759, -10.609, -19.301, 123.29, -488.40, 1055.11, 4.31, -16.85, 7.64, -0.78018, 0.07457, 0.17495, -0.59595
182, 15, 62.475, -9.822, -20.126, 11.54, -535.89, 1096.19, 18.26, -24.73, -5.49, -0.78082, 0.08487, 0.17381, -0.59405
182, 15, 61.484, -8.284, -17.286, -261.72, -310.61, 1432.37, 34.81, -51.36, -22.99, -0.78744, 0.07507, 0.14809, -0.59362
182, 16, 59.779, -8.259, -13.591, -265.63, -85.63, 1524.72, 21.19, -86.88, -48.95, -0.79825, 0.05169, 0.12794, -0.58630
182, 15, 57.165, -10.073, -10.800, -71.59, -21.55, 1334.47, -13.44, -120.19, -88.69, -0.81234, 0.02560, 0.12558, -0.56892
183, 9, 49.496, -15.968, -27.410, 487.55, -512.70, 973.75, -23.88, 22.29, 22.10, -0.83630, 0.12893, 0.23798, -0.47681
183, 26, 49.284, -14.612, -28.038, 286.74, -517.33, 981.63, -15.28, 18.99, 13.11, -0.83627, 0.14023, 0.23085, -0.47717
183, 16, 49.014, -14.665, -28.233, 288.39, -518.13, 953.31, -10.47, 15.90, 8.55, -0.83717, 0.14196, 0.23169, -0.47468
183, 15, 48.607, -13.707, -27.287, 224.61, -447.02, 939.82, -12.24, 13.82, 13.92, -0.83984, 0.14024, 0.22052, -0.47579
183, 15, 48.380, -13.876, -26.806, 250.12, -420.84, 902.40, -20.14, 9.80, 16.30, -0.84139, 0.13637, 0.21945, -0.47467
183, 16, 48.441, -14.797, -27.477, 295.47, -459.41, 894.23, -28.05, 9.23, 20.09, -0.84047, 0.13697, 0.22881, -0.47170
183, 16, 48.838, -15.268, -28.288, 311.52, -466.98, 904.42, -36.04, 13.09, 34.70, -0.83792, 0.13994, 0.23595, -0.47185
183, 15, 49.343, -16.129, -29.635, 367.25, -486.08, 857.12, -40.28, 19.33, 37.07, -0.83429, 0.14472, 0.24812, -0.47058
183, 16, 49.805, -17.226, -31.022, 451.48, -488.53, 817.38, -43.13, 33.89, 43.84, -0.83079, 0.14866, 0.26198, -0.46804
183, 15, 50.406, -17.792, -32.470, 517.70, -525.82, 832.46, -43.71, 52.81, 61.26, -0.82651, 0.15507, 0.27257, -0.46749
183, 16, 51.032, -15.488, -34.952, 378.54, -828.49, 972.23, -30.88, 70.34, 62.64, -0.81956, 0.18231, 0.26802, -0.47250
183, 15, 51.832, -13.095, -36.869, 344.48, -1152.59, 979.06, 16.88, 72.59, 74.55, -0.81163, 0.20540, 0.26117, -0.48048
183, 15, 51.851, -11.007, -35.407, 297.18, -1297.73, 1043.21, 91.79, 79.91, 89.51, -0.81265, 0.20483, 0.24086, -0.48952
183, 17, 47.128, -9.207, -24.580, -28.44, -31.74, 1400.82, 99.04, 85.30, -39.30, -0.84814, 0.14313, 0.17516, -0.47906
183, 15, 44.805, -6.385, -26.475, -368.59, -1150.02, 962.46, 42.13, 29.06, -53.48, -0.85380, 0.17284, 0.15917, -0.46456
183, 15, 43.861, -0.970, -22.251, -500.12, -381.71, 866.88, 85.09, 21.76, 21.04, -0.86034, 0.16503, 0.10032, -0.47171
183, 16, 43.572, 2.272, -20.013, -663.88, -577.15, 981.93, 75.66, -44.16, 26.02, -0.86209, 0.16178, 0.06626, -0.47564
183, 15, 42.660, -1.460, -18.109, -66.83, -603.15, 1150.45, 79.99, -86.22, 13.17, -0.87096, 0.13269, 0.08552, -0.46531
183, 15, 42.489, -3.451, -12.288, -70.37, -131.10, 1275.21, 80.41, -72.91, 21.27, -0.87782, 0.08021, 0.07686, -0.46593
183, 16, 40.723, -9.172, -8.455, 148.44, -36.19, 832.95, 39.86, -121.86, -47.82, -0.88637, 0.02880, 0.10454, -0.45010
183, 15, 40.744, -17.856, -9.697, 580.63, -231.63, 636.96, 21.35, -108.44, -47.07, -0.88094, 0.00336, 0.17570, -0.43939
183, 17, 42.323, -25.089, -12.246, 650.15, -288.94, 547.67, 13.57, -110.63, -35.71, -0.86736, -0.00971, 0.23955, -0.43612
183, 15, 45.825, -30.514, -15.451, 822.94, -380.55, 570.98, 24.31, -88.69, 0.21, -0.84707, -0.01711, 0.29072, -0.44459
183, 15, 48.825, -33.305, -17.314, 1040.22, -447.81, 781.62, 38.76, -44.14, -3.32, -0.83161, -0.02403, 0.31698, -0.45539
183, 16, 51.447, -31.159, -18.830, 882.87, -585.14, 1059.88, 47.48, 23.70, 1.90, -0.82405, -0.01013, 0.30810, -0.47531
183, 15, 49.353, -22.907, -12.363, 141.24, 306.15, 1999.94, 46.34, 95.47, 6.19, -0.84132, -0.01346, 0.22345, -0.49201
183, 16, 48.810, -14.527, -16.264, -441.16, -745.42, 1073.43, -21.22, 56.86, -59.25, -0.84833, 0.05486, 0.17985, -0.49496
183, 16, 47.642, -9.029, -17.729, -154.72, -377.50, 937.38, -24.83, 53.90, -22.72, -0.85296, 0.09233, 0.14533, -0.49277
183, 15, 45.676, -9.154, -16.149, 254.52, -126.40, 1075.99, -47.47, 52.19, -18.71, -0.86251, 0.08239, 0.13805, -0.47982
183, 16, 45.233, -11.080, -18.209, 718.57, -341.49, 1090.58, -71.56, 90.20, 20.17, -0.86276, 0.09009, 0.16055, -0.47090
183, 16, 44.821, -8.189, -20.528, 262.82, -409.91, 1097.35, -64.82, 124.99, 35.60, -0.86206, 0.12058, 0.14827, -0.46939
183, 15, 44.156, -1.930, -22.206, -199.65, -470.21, 1047.18, -48.24, 105.52, 37.32, -0.85988, 0.16043, 0.10774, -0.47250
183, 16, 42.929, -0.376, -23.556, -15.08, -561.52, 1072.57, -24.17, 63.52, 26.66, -0.86173, 0.17809, 0.09980, -0.46448
183, 15, 41.744, -0.057, -23.473, -2.56, -593.44, 1182.98, 0.32, 44.09, 26.72, -0.86636, 0.17975, 0.09521, -0.45613
183, 15, 41.181, 0.863, -24.081, -67.26, -721.68, 1163.70, 20.46, 32.62, 35.29, -0.86682, 0.18845, 0.08975, -0.45283
183, 16, 40.507, 2.512, -23.522, -212.95, -747.50, 1168.95, 57.56, 18.71, 27.06, -0.86886, 0.19112, 0.07391, -0.45067
183, 15, 39.343, 2.944, -21.740, -280.21, -820.31, 1106.26, 112.77, -19.65, 14.45, -0.87587, 0.17989, 0.06177, -0.44347
183, 16, 38.737, 1.015, -19.470, -74.52, -714.17, 1000.24, 147.99, -43.55, 16.52, -0.88312, 0.15549, 0.06701, -0.43753
183, 16, 38.577, -1.751, -16.139, 11.47, -549.87, 941.16, 178.83, -62.05, 12.70, -0.88931, 0.11927, 0.07552, -0.43498
183, 15, 38.991, -6.785, -11.685, 232.73, -374.76, 869.93, 197.70, -78.12, 11.38, -0.89221, 0.06485, 0.09790, -0.43608
183, 15, 39.331, -11.978, -3.200, 399.54, 76.60, 883.91, 199.11, -70.14, 15.07, -0.89050, -0.02180, 0.10570, -0.44200
183, 16, 39.392, -15.135, 5.192, 372.86, 350.04, 965.33, 160.85, -71.27, 6.67, -0.88282, -0.09904, 0.09754, -0.44867
183, 15, 40.028, -18.207, 8.912, 394.84, 125.92, 902.16, 120.80, -68.86, -15.47, -0.87223, -0.13980, 0.10593, -0.45656
183, 16, 40.037, -19.205, 9.999, 378.66, 22.52, 1065.19, 99.28, -67.10, -65.37, -0.86923, -0.15185, 0.10927, -0.45764
183, 15, 42.133, -19.687, 10.324, 358.22, 20.94, 1025.39, 81.85, -67.12, -44.92, -0.85948, -0.15814, 0.10881, -0.47376
183, 16, 45.034, -20.327, 10.951, 392.33, 201.48, 1007.81, 35.68, -51.35, 12.67, -0.84521, -0.16809, 0.10688, -0.49592
183, 16, 47.775, -18.571, 9.609, 211.49, 186.77, 1090.45, -17.82, -40.33, 22.29, -0.83792, -0.15331, 0.09582, -0.51498
183, 15, 50.509, -17.352, 6.149, 186.28, 73.18, 983.46, -59.65, -41.63, 30.32, -0.83142, -0.12506, 0.09931, -0.53221
183, 15, 52.987, -17.261, 0.050, 249.69, -155.40, 981.26, -90.49, -38.28, 18.55, -0.82542, -0.08295, 0.12505, -0.54421
183, 16, 55.112, -14.640, -5.404, 60.18, -153.32, 1069.15, -115.82, -24.92, 34.15, -0.82033, -0.03345, 0.13139, -0.55559
183, 16, 57.118, -14.801, -9.570, 252.50, -76.54, 1009.16, -139.79, -26.57, 57.43, -0.81116, -0.00708, 0.15254, -0.56453
183, 15, 59.660, -14.343, -16.257, 277.95, -383.91, 1211.79, -148.66, -16.96, 68.70, -0.79776, 0.03853, 0.18295, -0.57326
183, 16, 62.839, -13.410, -23.826, 286.32, -636.54, 1120.67, -132.58, 2.78, 91.66, -0.77736, 0.09001, 0.21675, -0.58364
183, 16, 64.513, -12.045, -28.467, 243.77, -808.17, 1207.70, -80.52, 19.46, 74.23, -0.76376, 0.12539, 0.23325, -0.58867
183, 16, 64.761, -9.776, -30.030, 31.37, -761.66, 1186.52, -29.46, 14.98, 42.30, -0.75888, 0.14770, 0.22713, -0.59219
183, 15, 63.952, -10.268, -27.898, 145.45, -551.94, 1126.10, 11.63, -0.23, 19.26, -0.76606, 0.13240, 0.21830, -0.58989
183, 15, 62.495, -12.712, -23.550, 303.59, -248.05, 1068.85, 33.09, -5.96, -7.21, -0.77910, 0.09255, 0.21051, -0.58320
183, 16, 60.690, -13.772, -18.744, 252.75, -98.39, 1048.89, 30.23, -0.14, -17.53, -0.79158, 0.05710, 0.19201, -0.57730
183, 15, 59.175, -13.549, -15.796, 184.08, -174.74, 1055.30, 13.40, -5.87, -23.84, -0.80044, 0.04023, 0.17508, -0.57186
183, 15, 58.390, -12.208, -15.739, 96.86, -328.61, 1062.26, 7.03, -14.05, -23.48, -0.80447, 0.04796, 0.16532, -0.56850
183, 16, 57.464, -10.345, -16.137, -54.69, -432.92, 1187.87, 10.49, -27.95, -31.04, -0.80882, 0.06161, 0.15399, -0.56418
183, 16, 55.664, -8.901, -14.653, -193.97, -330.87, 1412.48, 17.36, -50.78, -57.89, -0.81829, 0.06063, 0.13569, -0.55525
183, 15, 53.096, -8.357, -13.628, -296.75, -322.27, 1432.01, 6.60, -91.90, -97.73, -0.83105, 0.05885, 0.12559, -0.53862
183, 16, 51.085, -8.635, -12.876, -200.68, -226.81, 1289.79, -10.59, -113.03, -87.20, -0.84076, 0.05423, 0.12311, -0.52443
183, 15, 49.034, -12.278, -11.178, 186.46, -49.38, 1107.54, -34.58, -111.60, -84.76, -0.84990, 0.02715, 0.14131, -0.50693
183, 16, 47.474, -16.629, -11.763, 405.88, -133.54, 1077.76, -59.71, -93.89, -89.40, -0.85444, 0.01394, 0.17544, -0.48884
184, 9, 60.740, -13.600, -33.491, 285.40, -623.60, 910.28, -52.94, 20.71, 76.79, -0.77734, 0.15901, 0.26348, -0.54866
184, 26, 62.723, -13.959, -35.117, 309.33, -642.33, 928.59, -34.87, 16.73, 75.68, -0.76576, 0.16338, 0.27640, -0.55724
184, 16, 63.564, -14.083, -34.989, 296.02, -585.82, 901.43, -29.40, 18.59, 74.25, -0.76194, 0.15982, 0.27773, -0.56283
184, 15, 64.058, -14.089, -34.210, 290.65, -514.65, 898.56, -32.76, 24.37, 70.24, -0.76057, 0.15342, 0.27460, -0.56797
184, 15, 64.200, -13.528, -33.173, 262.70, -514.77, 969.67, -36.45, 30.17, 63.45, -0.76078, 0.14927, 0.26612, -0.57281
184, 16, 64.429, -12.467, -34.494, 198.97, -712.89, 949.52, -27.21, 28.39, 45.58, -0.75693, 0.16327, 0.26640, -0.57396
184, 15, 64.064, -11.686, -35.281, 106.20, -804.57, 878.85, -8.56, 23.28, 36.86, -0.75685, 0.17355, 0.26491, -0.57174
184, 16, 63.118, -12.194, -34.070, 148.25, -711.06, 886.78, 8.75, 16.93, 32.23, -0.76381, 0.16494, 0.26070, -0.56694
184, 16, 62.466, -13.979, -32.915, 274.35, -673.03, 876.71, 18.92, 18.53, 24.14, -0.77003, 0.14912, 0.26543, -0.56067
184, 15, 62.078, -15.874, -32.536, 411.38, -753.78, 881.90, 31.78, 29.34, 20.97, -0.77362, 0.13732, 0.27512, -0.55405
184, 15, 61.907, -17.278, -31.886, 524.35, -790.16, 897.95, 54.54, 49.42, 31.23, -0.77592, 0.12579, 0.28069, -0.55077
184, 16, 60.709, -16.565, -28.318, 395.32, -662.72, 1084.23, 84.67, 75.23, 29.26, -0.78505, 0.10811, 0.25771, -0.55280
184, 15, 54.869, -14.728, -21.219, 108.40, -225.46, 1411.25, 57.52, 73.92, -112.88, -0.81826, 0.07972, 0.20702, -0.53032
184, 17, 53.309, -11.555, -24.706, -199.83, -1368.35, 952.21, 50.58, 45.34, -65.12, -0.82183, 0.12303, 0.19959, -0.51925
184, 15, 52.271, -4.696, -22.959, -628.42, -662.35, 856.81, 91.61, 35.22, 5.65, -0.82532, 0.14481, 0.14207, -0.52697
184, 16, 49.965, -4.912, -21.858, -240.48, -784.24, 999.82, 95.32, -40.17, -50.18, -0.83726, 0.13862, 0.13578, -0.51122
184, 16, 48.220, -7.972, -18.941, 58.78, -545.72, 1047.73, 110.24, -57.08, -22.02, -0.84924, 0.10536, 0.14333, -0.49713
184, 15, 47.577, -9.096, -11.802, 11.84, -72.39, 1192.81, 117.43, -59.71, 8.05, -0.85686, 0.04788, 0.12013, -0.49906
184, 15, 44.878, -13.629, -5.227, 293.09, 150.39, 1080.38, 79.74, -92.16, -63.35, -0.86733, -0.01861, 0.12552, -0.48129
184, 16, 42.967, -18.493, -2.715, 390.56, 2.75, 827.27, 36.90, -86.32, -66.79, -0.86992, -0.05579, 0.15244, -0.46571
184, 15, 42.486, -22.773, -2.359, 354.19, -20.75, 606.32, 8.13, -85.74, -47.57, -0.86615, -0.07531, 0.18357, -0.45871
184, 15, 44.096, -28.965, -6.809, 668.76, -348.27, 540.71, -10.09, -100.77, -49.43, -0.85295, -0.07051, 0.24628, -0.45481
184, 16, 48.602, -31.669, -12.049, 950.38, -604.00, 731.93, 8.42, -61.37, -30.82, -0.83319, -0.05421, 0.28441, -0.47114
184, 16, 52.924, -29.517, -14.623, 772.95, -431.34, 937.81, 29.67, 15.41, 27.21, -0.81892, -0.03616, 0.27871, -0.50038
184, 16, 55.401, -24.839, -15.391, 590.94, -356.57, 1080.20, 23.09, 64.58, 28.43, -0.81299, -0.01338, 0.24970, -0.52586
184, 15, 55.178, -17.112, -17.655, -2.26, -494.81, 936.22, -9.77, 85.93, -38.25, -0.81834, 0.04183, 0.20710, -0.53449
184, 15, 54.723, -12.084, -20.705, 28.87, -448.91, 954.65, -57.63, 63.61, -13.40, -0.81915, 0.08940, 0.18619, -0.53510
184, 16, 54.419, -7.404, -21.578, 70.56, -358.89, 1026.98, -49.63, 94.56, 38.70, -0.81841, 0.11910, 0.15727, -0.53971
184, 15, 53.685, -5.558, -20.609, 118.29, -192.44, 1039.31, -67.60, 76.18, 35.27, -0.82199, 0.12208, 0.13891, -0.53865
184, 15, 53.614, -6.066, -23.606, 334.41, -498.84, 1009.83, -78.38, 81.12, 48.41, -0.81916, 0.14118, 0.15644, -0.53345
184, 16, 52.585, -4.496, -26.680, 62.19, -728.58, 1092.35, -61.91, 78.06, 52.11, -0.81858, 0.17204, 0.15815, -0.52470
184, 16, 50.695, -3.871, -26.971, 15.56, -744.81, 1172.85, -11.37, 55.53, 28.85, -0.82616, 0.17959, 0.15213, -0.51191
184, 15, 48.832, -4.984, -26.759, 145.26, -919.19, 1244.02, 32.72, 41.18, 3.52, -0.83557, 0.17552, 0.15630, -0.49658
184, 16, 47.286, -2.616, -24.164, -180.48, -616.76, 1101.81, 63.69, 27.47, 7.25, -0.84438, 0.16888, 0.12557, -0.49269
184, 15, 45.593, -2.540, -23.123, -105.53, -782.65, 1115.05, 83.55, 1.68, -12.97, -0.85303, 0.16330, 0.11813, -0.48137
184, 16, 44.009, -2.680, -21.154, -118.96, -722.23, 1057.37, 122.94, -17.14, -23.48, -0.86239, 0.14953, 0.10882, -0.47125
184, 15, 42.418, -4.090, -17.653, -13.92, -542.24, 1039.37, 155.87, -36.59, -30.04, -0.87363, 0.11865, 0.10335, -0.46045
184, 15, 41.560, -7.602, -14.607, 215.15, -552.55, 962.04, 181.59, -46.88, -32.93, -0.88035, 0.08178, 0.11715, -0.45229
184, 16, 40.633, -10.749, -5.017, 281.37, 39.86, 961.73, 202.09, -44.36, -29.74, -0.88640, -0.00405, 0.10314, -0.45126
184, 16, 40.654, -13.083, 1.138, 284.97, 2.99, 891.48, 182.92, -45.27, -31.12, -0.88285, -0.06089, 0.09678, -0.45552
184, 15, 41.344, -15.715, 6.032, 345.40, 64.82, 845.76, 160.76, -50.00, -20.37, -0.87356, -0.10939, 0.09690, -0.46426
184, 16, 42.344, -15.968, 9.962, 252.50, 155.03, 926.51, 118.93, -52.29, -16.42, -0.86483, -0.14098, 0.08163, -0.47490
184, 15, 43.381, -16.737, 12.037, 316.65, 195.19, 1047.97, 77.22, -56.92, -17.02, -0.85662, -0.16035, 0.07745, -0.48424
184, 15, 45.449, -17.372, 11.004, 278.75, 81.54, 943.48, 39.44, -49.88, 8.14, -0.84820, -0.15670, 0.08382, -0.49898
184, 16, 47.755, -17.238, 9.211, 235.66, 87.65, 1028.50, 7.68, -50.69, 29.66, -0.84056, -0.14464, 0.08771, -0.51463
184, 15, 50.249, -18.441, 4.999, 338.38, -94.06, 1094.73, -25.77, -52.86, 32.30, -0.83236, -0.12139, 0.11290, -0.52886
184, 16, 54.274, -17.779, -0.881, 224.49, -214.72, 974.43, -46.89, -39.29, 46.23, -0.81936, -0.08020, 0.13230, -0.55201
184, 16, 57.398, -16.122, -4.600, 132.81, -107.54, 974.61, -62.10, -39.43, 64.25, -0.80770, -0.04925, 0.13706, -0.57132
184, 15, 60.004, -17.057, -8.288, 332.95, -137.33, 1116.15, -83.10, -44.85, 62.85, -0.79519, -0.03167, 0.16119, -0.58369
184, 16, 63.225, -17.270, -13.090, 351.44, -254.09, 1107.79, -96.68, -23.22, 87.71, -0.77922, -0.00471, 0.18689, -0.59823
184, 16, 66.093, -15.694, -17.963, 254.70, -385.19, 1074.34, -88.75, 2.36, 91.09, -0.76384, 0.03198, 0.20269, -0.61192
184, 15, 67.841, -13.515, -22.188, 108.28, -568.91, 1118.29, -66.86, -1.75, 63.85, -0.75226, 0.06912, 0.21229, -0.61988
184, 16, 68.541, -13.001, -24.732, 184.63, -597.96, 1129.21, -36.74, -6.22, 43.34, -0.74652, 0.08738, 0.22332, -0.62064
184, 15, 67.763, -13.418, -23.147, 211.61, -393.68, 1135.50, -13.28, -6.45, 16.17, -0.75204, 0.07612, 0.21681, -0.61777
184, 16, 66.239, -14.843, -20.930, 285.22, -316.53, 1114.50, -0.21, -7.07, -15.16, -0.76187, 0.05626, 0.21310, -0.60909
184, 16, 64.511, -15.919, -18.772, 297.97, -310.30, 1106.57, 8.13, -8.20, -29.66, -0.77194, 0.03897, 0.20792, -0.59946
184, 15, 63.291, -15.301, -17.314, 219.60, -318.66, 1086.61, 13.97, -10.68, -24.87, -0.77881, 0.03466, 0.19590, -0.59488
184, 16, 62.437, -13.978, -16.990, 119.81, -392.15, 1119.75, 20.24, -17.35, -27.79, -0.78342, 0.04107, 0.18519, -0.59184
184, 15, 61.043, -11.788, -15.784, -205.44, -454.35, 1378.97, 38.81, -48.83, -54.38, -0.79108, 0.04666, 0.16378, -0.58753
184, 16, 58.976, -10.262, -13.782, -382.81, -334.66, 1460.45, 36.15, -87.90, -79.70, -0.80237, 0.04353, 0.14237, -0.57797
184, 16, 56.443, -10.761, -10.866, -211.91, -79.77, 1315.25, 15.44, -124.86, -92.97, -0.81578, 0.02340, 0.13058, -0.56294
184, 15, 54.484, -13.127, -7.790, 103.52, 74.77, 1172.49, -13.70, -131.60, -88.26, -0.82468, -0.00815, 0.13226, -0.54985
184, 16, 52.822, -16.930, -6.203, 366.46, 97.90, 1107.67, -48.76, -121.88, -89.20, -0.82976, -0.03600, 0.15223, -0.53575
184, 16, 52.192, -21.015, -7.244, 611.39, -11.90, 1071.23, -81.02, -93.25, -77.65, -0.82927, -0.04702, 0.18647, -0.52472
184, 15, 52.505, -23.426, -10.339, 711.49, -161.50, 1049.56, -103.70, -48.90, -67.09, -0.82646, -0.03671, 0.21752, -0.51799
184, 15, 53.086, -23.663, -15.003, 655.09, -351.44, 973.75, -109.64, -4.15, -69.91, -0.82447, -0.00541, 0.24005, -0.51245
185, 7, 65.381, -13.625, -30.370, 279.24, -558.35, 997.19, -41.29, 13.98, 44.98, -0.75826, 0.12747, 0.25397, -0.58676
185, 26, 66.441, -11.507, -32.713, 155.64, -561.28, 896.67, -36.86, 2.37, 34.60, -0.74824, 0.15227, 0.25411, -0.59361
185, 16, 67.303, -13.285, -34.058, 300.42, -617.31, 879.52, -30.75, -6.85, 33.97, -0.74365, 0.14911, 0.27316, -0.59172
185, 16, 68.058, -15.438, -34.477, 443.42, -587.59, 909.61, -23.98, -2.12, 37.30, -0.74112, 0.13783, 0.28931, -0.58995
185, 15, 68.590, -16.908, -34.501, 468.75, -543.21, 884.40, -19.54, 13.45, 39.86, -0.73953, 0.12825, 0.29884, -0.58935
185, 17, 68.673, -17.910, -34.681, 481.26, -558.23, 852.17, -15.21, 29.17, 27.73, -0.73965, 0.12345, 0.30581, -0.58665
185, 15, 68.576, -18.153, -35.369, 501.53, -654.24, 864.07, -6.54, 45.90, 21.48, -0.73957, 0.12677, 0.31065, -0.58349
185, 16, 68.464, -16.653, -36.026, 434.20, -781.01, 928.47, 14.60, 65.12, 28.12, -0.73819, 0.13987, 0.30499, -0.58523
185, 15, 68.670, -13.636, -35.827, 313.60, -939.21, 979.92, 65.10, 79.41, 48.59, -0.73457, 0.15521, 0.28626, -0.59529
185, 15, 68.464, -11.006, -34.225, 207.46, -960.51, 973.14, 112.07, 79.08, 38.16, -0.73509, 0.16032, 0.26169, -0.60453
185, 16, 62.115, -10.983, -22.092, 32.65, 420.17, 1593.99, 69.24, 74.62, -92.64, -0.78159, 0.09260, 0.19137, -0.58645
185, 16, 59.987, -7.704, -24.944, -328.31, -931.09, 848.94, 23.53, 31.23, -60.26, -0.78783, 0.13295, 0.18181, -0.57323
185, 15, 59.187, -2.485, -23.924, -557.80, -651.25, 953.92, 58.02, 30.36, 15.46, -0.78895, 0.15397, 0.14030, -0.57807
185, 16, 57.074, -2.599, -23.688, -320.86, -842.29, 1012.63, 72.95, -34.80, -45.31, -0.79990, 0.15431, 0.13706, -0.56352
185, 15, 55.991, -4.658, -21.875, -75.68, -660.28, 1054.63, 97.25, -57.07, -9.84, -0.80904, 0.13267, 0.14118, -0.55490
185, 15, 55.364, -8.171, -16.881, 86.36, -389.34, 1072.14, 124.40, -73.33, -2.02, -0.81826, 0.08055, 0.14112, -0.55140
185, 16, 53.604, -13.876, -9.328, 411.93, 84.47, 1117.31, 117.06, -90.03, -40.00, -0.82856, 0.00035, 0.14495, -0.54081
185, 15, 51.509, -18.597, -3.036, 497.50, 212.40, 960.39, 77.74, -78.25, -49.87, -0.83289, -0.06514, 0.15010, -0.52869
185, 16, 50.565, -20.955, 1.264, 361.94, 157.84, 740.05, 32.88, -75.95, -53.96, -0.83113, -0.10603, 0.14813, -0.52540
185, 16, 52.591, -24.844, -3.204, 588.93, -410.89, 714.17, 8.13, -88.31, -56.33, -0.82019, -0.09488, 0.19488, -0.52944
185, 15, 55.994, -27.718, -7.488, 743.35, -534.12, 710.27, 29.46, -52.34, -25.79, -0.80355, -0.08475, 0.23231, -0.54144
185, 16, 59.584, -28.815, -9.040, 864.20, -316.77, 895.02, 40.67, -7.15, 22.83, -0.78594, -0.08701, 0.24450, -0.56120
185, 15, 59.506, -22.861, -3.217, 472.66, 834.41, 1999.94, 22.41, 68.86, 42.24, -0.78936, -0.09619, 0.17535, -0.58044
185, 15, 60.610, -14.506, -10.041, -186.77, -724.06, 908.81, -43.02, 95.98, -41.73, -0.79375, -0.00690, 0.15266, -0.58873
185, 16, 61.375, -8.527, -14.982, -157.04, -483.83, 963.26, -63.37, 62.42, 19.30, -0.78940, 0.05806, 0.13771, -0.59541
185, 15, 61.241, -5.311, -17.180, 25.21, -322.75, 985.29, -53.05, 65.51, 43.13, -0.78761, 0.09044, 0.12720, -0.59608
185, 16, 60.978, -6.838, -16.890, 354.86, -70.86, 1014.47, -89.17, 69.80, 52.62, -0.78984, 0.08066, 0.13588, -0.59261
185, 16, 60.995, -8.076, -20.131, 447.51, -422.36, 1049.19, -92.50, 84.85, 50.92, -0.78775, 0.09639, 0.16097, -0.58673
185, 15, 60.863, -5.748, -24.798, 55.36, -814.21, 1111.51, -63.40, 72.14, 37.28, -0.78215, 0.14082, 0.16898, -0.58297
185, 16, 60.102, -5.599, -26.931, 136.47, -823.61, 1147.28, -13.70, 50.99, 21.68, -0.78309, 0.15731, 0.17777, -0.57482
185, 15, 58.788, -4.843, -26.847, 27.40, -705.81, 1148.56, 21.17, 40.95, 9.23, -0.78908, 0.16261, 0.17042, -0.56733
185, 15, 57.224, -3.545, -25.067, -51.76, -576.17, 1073.06, 44.01, 28.02, -0.64, -0.79811, 0.15902, 0.15057, -0.56130
185, 16, 55.073, -3.384, -23.097, -25.70, -599.43, 1145.57, 66.54, 19.91, -24.31, -0.81105, 0.14868, 0.13702, -0.54893
185, 15, 52.158, -4.033, -21.244, -38.64, -656.49, 1099.06, 94.09, 8.93, -44.66, -0.82752, 0.13570, 0.12929, -0.52923
185, 16, 49.721, -3.702, -17.731, -67.57, -472.72, 1064.21, 117.59, -5.01, -41.78, -0.84228, 0.11417, 0.10822, -0.51558
185, 16, 47.785, -4.598, -15.204, 3.05, -474.91, 1020.69, 134.45, -20.17, -45.37, -0.85351, 0.09320, 0.10182, -0.50246
185, 15, 46.323, -6.584, -11.555, 104.61, -346.74, 1020.63, 152.98, -31.45, -40.63, -0.86257, 0.05836, 0.09979, -0.49256
185, 15, 45.386, -9.510, -8.020, 246.28, -307.80, 995.12, 165.86, -39.36, -44.53, -0.86730, 0.01976, 0.10632, -0.48589
185, 16, 44.724, -12.254, -2.076, 343.87, -32.04, 1017.76, 163.66, -35.40, -35.61, -0.86821, -0.03645, 0.10190, -0.48425
185, 15, 44.501, -15.132, 4.035, 465.03, 174.56, 939.58, 138.95, -29.37, -23.45, -0.86295, -0.09458, 0.09792, -0.48661
185, 16, 45.196, -15.856, 9.036, 381.77, 309.63, 1056.95, 97.15, -26.68, -2.75, -0.85403, -0.13561, 0.08126, -0.49563
185, 15, 48.441, -16.139, 10.200, 374.57, 190.86, 1171.51, 59.17, -27.94, 24.57, -0.83780, -0.14761, 0.07421, -0.52038
185, 16, 52.030, -15.244, 7.542, 182.98, -77.09, 1001.34, 33.28, -27.33, 39.83, -0.82552, -0.12664, 0.07568, -0.54475
185, 17, 55.095, -16.393, 5.595, 327.70, -5.31, 1077.70, 16.30, -40.63, 49.12, -0.81131, -0.12038, 0.09010, -0.56495
185, 15, 58.158, -17.071, 3.684, 367.25, 22.89, 1160.58, -3.23, -23.22, 62.97, -0.79706, -0.11287, 0.10137, -0.58454
185, 15, 61.232, -16.368, -0.297, 255.31, -138.24, 1120.42, -32.53, -12.47, 66.31, -0.78533, -0.08466, 0.11447, -0.60248
185, 16, 64.282, -13.332, -5.133, -57.13, -205.69, 849.06, -56.26, -24.56, 80.92, -0.77394, -0.03850, 0.11808, -0.62095
185, 15, 66.164, -12.044, -7.678, -2.99, -99.55, 1129.27, -76.75, -50.00, 80.56, -0.76482, -0.01624, 0.12299, -0.63218
185, 15, 67.308, -11.812, -10.380, 54.75, -118.23, 1061.83, -101.06, -55.82, 68.05, -0.75871, 0.00174, 0.13636, -0.63699
185, 16, 69.754, -13.555, -15.816, 203.31, -301.27, 1000.79, -107.93, -54.70, 78.51, -0.74431, 0.02401, 0.17819, -0.64318
185, 16, 71.670, -15.195, -21.421, 312.44, -673.58, 1279.85, -92.92, -56.37, 45.06, -0.73205, 0.04715, 0.22043, -0.64288
185, 16, 72.753, -15.673, -25.627, 285.64, -828.13, 1279.91, -53.25, -34.16, 16.69, -0.72402, 0.06881, 0.24741, -0.64019
185, 15, 72.607, -16.540, -26.953, 346.25, -704.28, 1232.12, -9.37, -19.37, -9.28, -0.72443, 0.07235, 0.25984, -0.63439
185, 15, 70.743, -17.234, -23.825, 308.11, -393.25, 1132.08, 23.41, -8.90, -36.35, -0.73666, 0.05241, 0.24576, -0.62784
185, 16, 68.314, -17.580, -18.982, 285.77, -144.04, 1094.06, 33.93, -3.65, -42.70, -0.75155, 0.02388, 0.22069, -0.62121
185, 16, 66.101, -17.885, -14.243, 302.80, -16.72, 1058.53, 24.03, -5.39, -35.42, -0.76381, -0.00516, 0.19689, -0.61465
185, 15, 64.404, -18.096, -10.817, 320.25, -24.11, 1051.70, 8.50, -9.83, -30.85, -0.77231, -0.02651, 0.18020, -0.60858
185, 16, 64.494, -18.547, -11.351, 428.89, -254.46, 1127.87, -2.51, -8.53, -21.51, -0.77170, -0.02554, 0.18598, -0.60764
185, 16, 65.223, -17.618, -13.552, 338.75, -433.35, 1100.28, 1.73, 0.20, -13.84, -0.76857, -0.00680, 0.19151, -0.61039
185, 15, 66.191, -15.471, -15.759, 188.90, -552.12, 1129.58, 16.75, 2.64, -0.69, -0.76381, 0.01837, 0.18945, -0.61673
185, 16, 66.905, -12.876, -16.094, 72.63, -471.86, 1202.45, 36.08, -3.26, 13.00, -0.75998, 0.03411, 0.17468, -0.62511
185, 15, 66.678, -9.549, -12.635, -223.57, -86.73, 1426.09, 37.86, -16.33, 12.63, -0.76200, 0.03026, 0.13399, -0.63284
185, 16, 65.693, -8.074, -9.025, -253.97, 149.41, 1434.94, 1.41, -53.79, -8.72, -0.76814, 0.01547, 0.10414, -0.63157
185, 15, 64.677, -7.721, -6.559, -192.93, 254.09, 1288.45, -49.42, -74.56, -8.32, -0.77393, 0.00169, 0.08816, -0.62710
186, 9, 46.255, -3.690, -24.930, 95.83, -482.54, 954.16, -22.81, -7.24, 55.15, -0.84841, 0.17105, 0.13517, -0.48235
186, 25, 45.911, -5.998, -25.622, 64.88, -559.14, 980.16, -22.89, -2.99, 40.57, -0.85031, 0.16665, 0.15448, -0.47470
186, 17, 45.904, -5.953, -26.863, -0.12, -627.81, 940.00, -14.53, -14.66, 26.89, -0.84846, 0.17605, 0.15927, -0.47303
186, 15, 46.053, -7.352, -27.614, 78.74, -643.86, 949.71, -3.44, -27.41, 27.24, -0.84752, 0.17534, 0.17278, -0.47022
186, 15, 46.611, -9.757, -27.554, 187.50, -590.76, 939.09, 4.16, -31.56, 34.65, -0.84651, 0.16351, 0.19076, -0.46936
186, 16, 47.377, -12.491, -26.997, 320.50, -535.52, 972.72, 4.24, -24.35, 39.66, -0.84502, 0.14592, 0.20914, -0.47001
186, 15, 47.906, -14.681, -26.359, 417.91, -490.66, 988.59, 2.30, 1.72, 39.23, -0.84396, 0.13034, 0.22277, -0.47022
186, 15, 48.253, -15.382, -26.558, 371.03, -497.99, 917.11, -0.16, 31.79, 37.24, -0.84236, 0.12792, 0.22894, -0.47080
186, 16, 48.963, -14.394, -27.948, 295.90, -561.83, 839.29, 1.72, 52.87, 50.34, -0.83768, 0.14122, 0.22855, -0.47552
186, 15, 50.060, -11.421, -28.970, 197.02, -661.68, 889.10, 20.07, 71.15, 83.45, -0.83080, 0.16028, 0.21339, -0.48840
186, 17, 51.158, -7.231, -28.872, 9.46, -819.64, 1021.24, 46.13, 72.63, 103.58, -0.82377, 0.17710, 0.18512, -0.50574
186, 15, 51.043, -3.757, -23.430, -116.94, -473.63, 1314.39, 74.28, 66.73, 81.36, -0.82967, 0.15409, 0.13590, -0.51908
186, 15, 48.148, -1.323, -18.233, -264.22, -258.12, 1441.96, 40.96, 59.78, -26.79, -0.84746, 0.12997, 0.09131, -0.50655
186, 16, 47.324, 1.557, -22.089, -508.91, -1336.12, 991.52, 24.75, 31.20, 27.49, -0.84373, 0.17172, 0.08592, -0.50125
186, 15, 47.071, 4.667, -21.618, -584.35, -952.70, 1027.34, 85.12, 8.30, 56.94, -0.84233, 0.18182, 0.06044, -0.50375
186, 15, 45.440, 6.275, -17.397, -621.58, -576.54, 1140.75, 121.41, -34.59, -3.73, -0.85394, 0.15802, 0.02760, -0.49502
186, 16, 44.425, 5.630, -11.088, -396.24, -157.23, 1059.69, 109.79, -74.68, -3.91, -0.86622, 0.10809, 0.00424, -0.48781
186, 15, 42.998, 4.208, -5.693, -323.24, -44.31, 976.14, 89.16, -106.41, -23.58, -0.87711, 0.06110, -0.00865, -0.47630
186, 16, 40.374, -2.369, -3.286, 59.27, -64.15, 779.97, 64.16, -139.24, -73.40, -0.89003, 0.01611, 0.03145, -0.45453
186, 16, 39.446, -10.577, -3.091, 357.67, -119.26, 687.19, 45.56, -133.21, -46.93, -0.89096, -0.01728, 0.09440, -0.44383
186, 15, 39.788, -18.757, -6.289, 628.91, -416.50, 610.96, 39.31, -123.15, -57.80, -0.88341, -0.02504, 0.16963, -0.43611
186, 15, 41.203, -24.169, -8.728, 960.88, -555.91, 824.58, 56.38, -64.11, -45.25, -0.87218, -0.03040, 0.21952, -0.43610
186, 16, 42.452, -23.862, -7.638, 755.80, -205.93, 1184.63, 71.30, 22.04, -15.04, -0.86743, -0.03978, 0.21264, -0.44806
186, 15, 40.777, -15.180, -2.267, -234.92, 604.92, 1999.94, 37.10, 93.00, -33.42, -0.88195, -0.04312, 0.12635, -0.45204
186, 16, 39.719, -8.618, -7.093, -225.28, -536.87, 1051.57, -23.19, 56.78, -83.58, -0.89077, 0.02131, 0.09473, -0.44397
186, 15, 41.185, -5.280, -12.197, 104.19, -420.04, 1020.94, -46.65, 63.03, 18.39, -0.88337, 0.07299, 0.08962, -0.45419
186, 16, 41.936, -1.424, -12.184, 40.83, -122.25, 1082.76, -50.22, 91.26, 40.99, -0.87958, 0.08803, 0.06053, -0.46359
186, 16, 41.549, 0.722, -13.376, 71.72, -199.46, 1126.04, -71.11, 105.78, 15.78, -0.87922, 0.10604, 0.04855, -0.46193
186, 15, 41.432, 3.174, -18.350, 50.54, -570.92, 954.35, -63.93, 116.18, 44.98, -0.87235, 0.15390, 0.04965, -0.46135
186, 15, 40.254, 6.418, -20.628, -134.95, -552.12, 1136.72, -36.01, 112.88, 34.08, -0.87047, 0.18427, 0.03217, -0.45529
186, 16, 37.684, 9.566, -22.778, -346.25, -729.06, 1115.30, -6.42, 88.65, -7.65, -0.87279, 0.21276, 0.01184, -0.43912
186, 15, 36.637, 13.155, -21.683, -483.89, -495.36, 1074.16, 15.82, 52.09, 27.75, -0.87351, 0.21698, -0.02217, -0.43520
186, 15, 35.806, 11.696, -19.209, -209.59, -428.71, 1162.60, 33.75, 10.89, 16.02, -0.88324, 0.19281, -0.02157, -0.42690
186, 16, 33.931, 7.969, -17.461, -17.21, -527.53, 1198.79, 51.93, -5.86, -2.22, -0.89745, 0.16626, -0.00155, -0.40858
186, 16, 32.568, 6.189, -16.471, -105.41, -558.72, 1170.47, 75.98, -7.85, 0.28, -0.90540, 0.15252, 0.00719, -0.39616
186, 16, 31.433, 5.027, -14.839, -146.00, -504.88, 1158.94, 104.35, -24.16, -7.77, -0.91231, 0.13582, 0.00947, -0.38620
186, 15, 30.581, 3.695, -13.360, -124.33, -565.25, 1155.88, 131.88, -38.76, -15.09, -0.91775, 0.11975, 0.01427, -0.37840
186, 15, 30.380, 1.942, -11.916, -52.19, -598.82, 1065.06, 162.60, -50.06, -6.39, -0.92080, 0.10250, 0.02341, -0.37560
186, 16, 30.184, -0.439, -8.778, 31.31, -389.34, 950.74, 197.71, -56.01, -19.31, -0.92462, 0.06953, 0.03220, -0.37311
186, 15, 30.285, -1.602, -1.619, 7.75, -7.75, 934.27, 190.69, -53.70, -23.79, -0.92680, 0.00785, 0.01826, -0.37504
186, 14, 30.894, -3.047, 5.020, 61.34, 167.30, 894.10, 160.30, -57.05, -16.03, -0.92324, -0.05059, 0.00792, -0.38079
186, 16, 32.662, -4.302, 11.612, 116.27, 463.75, 1009.70, 112.43, -58.16, -17.16, -0.91207, -0.10762, -0.00556, -0.39562
186, 16, 34.872, -5.639, 14.949, 153.08, 448.00, 1086.18, 58.67, -56.67, -2.66, -0.89967, -0.13848, -0.00910, -0.41392
186, 15, 37.472, -7.433, 14.506, 231.32, 315.49, 1151.73, 0.92, -49.89, 7.39, -0.88893, -0.14140, 0.00346, -0.43567
186, 16, 39.919, -6.874, 9.794, 54.08, 3.11, 1061.34, -48.84, -38.44, 8.04, -0.88495, -0.10301, 0.01479, -0.45391
186, 15, 42.132, -5.639, 3.878, -30.03, -162.96, 978.58, -68.29, -34.07, 17.43, -0.88087, -0.05290, 0.02758, -0.46959
186, 16, 43.994, -6.459, -1.670, 123.54, -213.07, 1161.56, -81.02, -43.61, 22.08, -0.87440, -0.01448, 0.05635, -0.48170
186, 15, 46.084, -6.428, -5.422, 91.80, -91.25, 1118.47, -91.76, -32.33, 44.61, -0.86552, 0.01297, 0.07210, -0.49548
186, 15, 48.286, -5.628, -8.972, 55.91, -126.83, 1040.89, -102.53, -17.17, 67.01, -0.85510, 0.04169, 0.08222, -0.51019
186, 16, 50.679, -4.464, -13.650, 21.55, -256.77, 1019.65, -105.01, -12.07, 73.59, -0.84166, 0.07981, 0.09606, -0.52537
186, 16, 51.947, -4.874, -17.811, 115.17, -506.77, 1297.18, -85.04, -8.88, 53.86, -0.83257, 0.10710, 0.11923, -0.53023
186, 15, 52.276, -5.663, -21.680, 179.08, -769.78, 1264.40, -47.12, 2.93, 25.03, -0.82741, 0.13102, 0.14308, -0.52702
186, 16, 51.815, -4.778, -23.476, -0.37, -751.83, 1235.66, -0.56, 12.28, 6.44, -0.82680, 0.14873, 0.14444, -0.52290
186, 15, 50.482, -3.598, -20.605, -55.91, -363.53, 1121.15, 33.54, 10.39, -11.81, -0.83567, 0.13493, 0.12125, -0.51842
186, 15, 48.769, -2.665, -16.210, -87.34, -137.21, 1106.51, 40.89, 4.68, -31.96, -0.84753, 0.10850, 0.09287, -0.51116
186, 15, 47.386, -3.516, -12.545, 63.96, -95.76, 1152.71, 29.90, -6.61, -31.12, -0.85695, 0.07848, 0.08183, -0.50277
186, 15, 46.771, -2.045, -10.433, -98.57, -167.85, 1204.10, 28.47, -15.58, -18.17, -0.86063, 0.06954, 0.06119, -0.50074
186, 17, 45.812, -1.810, -7.780, -105.59, -57.50, 1343.93, 26.07, -41.33, -37.19, -0.86614, 0.05103, 0.04739, -0.49493
186, 15, 44.190, -3.327, -6.335, 19.29, -102.54, 1353.58, 15.84, -65.05, -71.56, -0.87374, 0.03426, 0.05212, -0.48238
186, 15, 42.849, -6.521, -5.913, 161.13, -106.93, 1263.43, 5.58, -86.11, -79.77, -0.87907, 0.01838, 0.07443, -0.47048
186, 16, 41.875, -11.636, -6.020, 432.98, -112.43, 1149.11, 0.68, -98.69, -80.57, -0.88099, -0.00108, 0.11391, -0.45921
187, 7, 61.734, -16.407, -25.010, 334.29, -451.11, 938.54, -40.64, 24.41, 33.05, -0.78278, 0.08410, 0.24137, -0.56738
187, 27, 62.356, -16.007, -25.775, 297.79, -387.88, 919.92, -39.60, 10.62, 33.60, -0.77902, 0.09016, 0.24305, -0.57089
187, 15, 62.475, -16.186, -25.941, 315.61, -396.06, 963.62, -43.56, 6.96, 28.23, -0.77835, 0.09005, 0.24513, -0.57095
187, 15, 62.397, -17.192, -26.306, 343.14, -406.86, 956.48, -47.45, 9.19, 30.98, -0.77868, 0.08726, 0.25336, -0.56732
187, 17, 62.401, -18.163, -27.300, 389.89, -447.69, 951.42, -50.22, 14.39, 27.10, -0.77810, 0.08874, 0.26449, -0.56279
187, 15, 62.654, -18.291, -28.895, 401.43, -539.49, 997.50, -47.30, 23.47, 32.70, -0.77559, 0.09826, 0.27333, -0.56045
187, 17, 63.121, -18.026, -30.856, 413.70, -647.34, 998.96, -34.31, 30.69, 36.35, -0.77142, 0.11181, 0.28167, -0.55953
187, 15, 63.735, -17.765, -32.504, 461.12, -745.06, 933.65, -3.08, 46.71, 45.63, -0.76662, 0.12277, 0.28871, -0.56024
187, 15, 64.191, -17.142, -32.890, 529.97, -819.09, 984.25, 32.28, 71.68, 60.78, -0.76363, 0.12762, 0.28724, -0.56399
187, 16, 60.685, -13.535, -23.636, 49.68, 232.97, 1480.10, 52.10, 93.10, 9.47, -0.78838, 0.09210, 0.21491, -0.56902
187, 15, 60.220, -10.720, -27.267, -109.01, -1100.04, 1041.38, 1.20, 33.67, -9.61, -0.78589, 0.13275, 0.21376, -0.56485
187, 15, 59.658, -6.289, -26.658, -283.75, -690.61, 895.02, 52.44, 34.94, 30.40, -0.78627, 0.15257, 0.18044, -0.57091
187, 17, 58.685, -4.180, -24.169, -205.99, -587.34, 1005.80, 63.53, 11.36, 30.20, -0.79264, 0.14765, 0.15245, -0.57156
187, 15, 57.111, -7.692, -22.948, 128.97, -732.12, 1140.14, 63.35, -31.11, -12.86, -0.80423, 0.12354, 0.16867, -0.55633
187, 15, 57.457, -7.308, -20.563, -48.03, -549.68, 1019.59, 99.60, -33.62, 48.48, -0.80476, 0.10825, 0.15473, -0.56276
187, 16, 57.042, -10.409, -12.781, 170.35, 14.04, 1154.60, 111.65, -60.45, 27.74, -0.81237, 0.03808, 0.13770, -0.56537
187, 15, 55.655, -14.808, -7.718, 313.29, -34.97, 1091.80, 80.35, -78.96, -16.57, -0.81811, -0.01840, 0.14369, -0.55651
187, 16, 55.150, -18.299, -3.950, 279.97, 83.07, 825.44, 31.55, -81.54, 10.22, -0.81650, -0.06191, 0.15027, -0.55400
187, 15, 54.491, -23.422, -1.924, 354.55, 67.02, 582.89, 1.98, -92.00, -8.95, -0.81219, -0.10031, 0.17719, -0.54671
187, 15, 57.237, -29.203, -6.826, 654.72, -376.83, 589.05, -5.38, -95.02, -23.56, -0.79496, -0.09931, 0.23829, -0.54899
187, 17, 61.083, -31.915, -10.420, 922.91, -450.32, 843.93, 14.44, -44.18, 16.03, -0.77540, -0.09713, 0.27046, -0.56229
187, 15, 64.019, -31.008, -12.278, 753.78, -339.17, 966.25, 19.70, 10.09, 18.28, -0.76348, -0.08674, 0.27153, -0.57952
187, 15, 62.411, -23.144, -7.547, 58.47, 354.25, 1999.94, 10.83, 75.78, 1.34, -0.77736, -0.07279, 0.19730, -0.59287
187, 16, 62.201, -15.940, -13.551, -375.49, -930.73, 982.30, -30.00, 53.12, -67.67, -0.78501, 0.00730, 0.18043, -0.59257
187, 15, 62.136, -13.252, -17.442, 68.18, -537.17, 971.19, -34.16, 27.52, -8.93, -0.78480, 0.04857, 0.18257, -0.59025
187, 15, 61.004, -13.985, -17.719, 360.53, -298.58, 1085.75, -40.34, 43.21, -0.40, -0.79047, 0.04837, 0.18840, -0.58080
187, 16, 60.052, -14.976, -19.359, 598.75, -413.45, 1130.74, -52.63, 77.48, 3.24, -0.79448, 0.05608, 0.20284, -0.56966
187, 15, 59.313, -13.915, -21.817, 427.37, -579.53, 1093.26, -31.33, 100.59, 20.96, -0.79660, 0.08004, 0.20743, -0.56213
187, 17, 58.176, -9.247, -20.918, 29.17, -417.91, 1142.94, -3.80, 94.29, 31.07, -0.80171, 0.09982, 0.17047, -0.56413
187, 15, 57.241, -7.088, -21.136, 58.47, -554.20, 1098.14, 22.25, 63.08, 30.13, -0.80516, 0.11369, 0.15581, -0.56082
187, 15, 56.847, -5.708, -20.693, 20.63, -593.63, 1151.61, 46.64, 35.77, 46.46, -0.80681, 0.11803, 0.14368, -0.56079
187, 16, 57.032, -6.644, -20.136, 148.74, -652.53, 1111.27, 72.65, 15.14, 51.87, -0.80694, 0.10916, 0.14763, -0.56137
187, 15, 56.637, -7.310, -18.731, 85.63, -578.19, 1035.83, 102.92, 1.96, 23.54, -0.81041, 0.09640, 0.14505, -0.55937
187, 15, 55.915, -7.853, -16.236, 55.36, -490.54, 1055.60, 126.33, -16.37, 7.58, -0.81597, 0.07686, 0.13614, -0.55655
187, 16, 55.356, -9.794, -10.233, 143.13, -194.82, 996.70, 146.06, -33.42, 14.76, -0.82140, 0.02490, 0.12043, -0.55693
187, 15, 55.102, -12.334, -6.901, 197.20, -259.70, 952.70, 150.73, -46.91, 0.60, -0.82201, -0.01132, 0.12227, -0.55608
187, 16, 54.538, -16.026, -2.114, 333.80, -95.46, 964.17, 152.36, -63.00, -12.23, -0.82061, -0.06316, 0.12557, -0.55393
187, 16, 53.326, -19.500, 5.038, 452.51, 261.17, 937.13, 130.09, -61.24, -12.18, -0.81633, -0.12963, 0.11703, -0.55055
187, 15, 52.839, -22.284, 8.653, 503.11, 156.80, 1007.51, 90.24, -57.30, -21.60, -0.80953, -0.16770, 0.12036, -0.54960
187, 17, 53.640, -22.280, 8.942, 395.26, 66.04, 1074.46, 59.09, -40.71, -15.80, -0.80524, -0.17054, 0.11775, -0.55555
187, 15, 54.872, -20.056, 7.872, 140.81, 13.98, 1012.21, 28.71, -35.38, 4.43, -0.80447, -0.15380, 0.10532, -0.56399
187, 15, 55.982, -18.737, 6.025, 138.00, 22.16, 965.39, -6.52, -47.74, 17.39, -0.80329, -0.13552, 0.10368, -0.57063
187, 16, 57.253, -19.922, 2.251, 326.97, -82.95, 1020.81, -38.83, -49.59, 16.17, -0.79945, -0.11624, 0.12951, -0.57497
187, 15, 59.365, -19.746, -3.637, 364.38, -312.68, 1173.46, -63.10, -27.24, 7.38, -0.79395, -0.07703, 0.15625, -0.58249
187, 16, 60.501, -16.976, -8.866, 90.27, -326.60, 984.31, -76.55, -10.51, -2.83, -0.79285, -0.02795, 0.16346, -0.58642
187, 16, 60.454, -14.360, -11.624, 50.96, -205.87, 1095.46, -84.53, -15.11, -4.70, -0.79462, 0.00505, 0.15978, -0.58568
187, 15, 61.243, -15.290, -15.219, 367.00, -309.57, 1152.53, -90.04, -6.14, 25.15, -0.78988, 0.02378, 0.18452, -0.58436
187, 15, 62.817, -15.642, -18.756, 405.03, -379.76, 1176.45, -87.20, 7.20, 57.12, -0.78074, 0.04345, 0.20542, -0.58852
187, 16, 64.042, -14.926, -22.529, 317.93, -537.66, 1130.55, -67.83, 13.31, 44.86, -0.77250, 0.07066, 0.22078, -0.59119
187, 15, 64.041, -13.559, -23.731, 215.70, -465.09, 1098.57, -40.13, 12.11, 25.92, -0.77132, 0.08628, 0.21816, -0.59163
187, 16, 62.761, -12.860, -22.885, 185.91, -454.28, 1150.63, -13.64, 5.23, -2.63, -0.77831, 0.08675, 0.20829, -0.58594
187, 16, 61.242, -13.838, -20.851, 263.49, -380.31, 1140.93, 9.32, -1.43, -18.04, -0.78763, 0.07032, 0.20338, -0.57735
187, 15, 59.400, -14.070, -17.441, 217.29, -205.02, 1082.09, 21.05, -2.59, -29.67, -0.79863, 0.04862, 0.18691, -0.56999
187, 16, 57.672, -13.675, -13.922, 164.98, -77.27, 1058.84, 11.36, -7.77, -28.92, -0.80843, 0.02866, 0.16621, -0.56391
187, 15, 56.684, -13.092, -12.853, 167.05, -209.17, 1067.26, 0.44, -20.36, -24.97, -0.81366, 0.02545, 0.15669, -0.55925
187, 15, 56.392, -11.640, -14.136, 25.82, -384.22, 1071.59, 3.78, -29.82, -23.20, -0.81496, 0.04230, 0.15272, -0.55743
187, 16, 55.774, -10.290, -13.212, -106.08, -284.12, 1368.04, 9.37, -58.59, -24.51, -0.81843, 0.04328, 0.13853, -0.55598
187, 15, 54.650, -9.907, -12.932, -118.23, -309.88, 1383.36, -3.04, -83.78, -47.85, -0.82398, 0.04451, 0.13404, -0.54874
187, 15, 53.929, -10.597, -13.688, 32.96, -316.28, 1310.06, -21.65, -95.86, -55.23, -0.82705, 0.04744, 0.14225, -0.54176
187, 17, 53.288, -13.017, -14.714, 233.34, -290.77, 1181.40, -35.61, -88.60, -60.71, -0.82929, 0.04392, 0.16400, -0.53240
187, 16, 52.456, -16.306, -14.856, 423.83, -192.44, 1116.46, -47.07, -65.53, -60.55, -0.83205, 0.03032, 0.18770, -0.52109
188, 7, 52.754, -17.907, -26.731, 325.93, -516.24, 978.82, -21.32, -12.47, 21.87, -0.82321, 0.10782, 0.25188, -0.49724
188, 27, 53.209, -17.861, -27.703, 308.17, -503.11, 959.84, -17.46, -8.32, 20.77, -0.82030, 0.11401, 0.25623, -0.49846
188, 16, 53.310, -17.878, -27.590, 319.09, -491.46, 973.94, -19.32, -5.13, 25.76, -0.81997, 0.11289, 0.25595, -0.49940
188, 15, 53.488, -17.800, -27.484, 321.23, -484.38, 973.14, -21.25, -1.54, 31.20, -0.81929, 0.11212, 0.25513, -0.50110
188, 15, 53.756, -18.103, -27.673, 331.60, -463.07, 923.22, -24.85, 3.13, 33.72, -0.81795, 0.11138, 0.25828, -0.50185
188, 16, 53.885, -17.924, -27.605, 321.84, -447.27, 927.61, -31.06, 9.51, 37.32, -0.81744, 0.11148, 0.25690, -0.50336
188, 15, 54.644, -18.139, -29.292, 358.70, -488.46, 847.47, -33.11, 17.27, 38.52, -0.81241, 0.12068, 0.26653, -0.50437
188, 17, 55.508, -18.147, -30.995, 403.87, -561.83, 867.00, -28.18, 29.30, 49.74, -0.80673, 0.13063, 0.27504, -0.50643
188, 15, 56.577, -17.485, -32.359, 438.17, -655.40, 919.92, -11.67, 47.23, 70.42, -0.80018, 0.14096, 0.27801, -0.51240
188, 15, 57.867, -15.402, -33.315, 399.23, -818.36, 996.64, 18.84, 68.12, 93.46, -0.79218, 0.15514, 0.27038, -0.52467
188, 16, 58.822, -12.145, -32.671, 275.45, -1025.70, 1061.95, 86.92, 87.45, 97.86, -0.78657, 0.16525, 0.24742, -0.54110
188, 15, 53.968, -10.165, -22.018, -116.58, 377.38, 1732.73, 68.75, 71.85, -56.82, -0.82112, 0.10942, 0.17824, -0.53105
188, 15, 52.990, -9.924, -26.050, 11.29, -1510.68, 1046.69, 34.85, 6.99, -41.34, -0.82110, 0.14108, 0.19394, -0.51796
188, 16, 53.419, -5.735, -22.920, -186.71, -475.40, 922.49, 96.33, 26.89, 58.28, -0.82070, 0.13813, 0.15067, -0.53354
188, 15, 51.779, -4.341, -19.209, -106.63, -493.59, 962.28, 111.58, 6.16, 14.27, -0.83171, 0.11994, 0.12169, -0.52826
188, 16, 49.003, -6.784, -14.512, 55.18, -308.53, 977.29, 102.75, -29.16, -39.38, -0.84911, 0.07704, 0.11579, -0.50958
188, 16, 48.195, -5.590, -9.223, -96.44, -133.54, 1004.09, 110.05, -20.71, 10.89, -0.85542, 0.04380, 0.08303, -0.50936
188, 15, 45.758, -7.597, -3.274, 49.99, 79.10, 1071.84, 88.59, -64.36, -49.25, -0.86663, -0.00815, 0.07163, -0.49372
188, 16, 43.670, -9.394, 0.002, 71.72, 16.91, 838.99, 54.87, -82.76, -52.15, -0.87391, -0.03939, 0.07180, -0.47914
188, 15, 42.644, -11.605, 4.125, 83.80, 283.45, 811.40, 11.12, -107.54, -15.11, -0.87432, -0.07933, 0.07209, -0.47337
188, 15, 42.297, -19.421, 1.957, 594.42, -65.98, 791.56, -28.63, -131.20, -36.90, -0.86843, -0.09415, 0.14092, -0.46595
188, 16, 43.825, -26.061, -2.862, 988.10, -477.29, 811.71, -19.19, -90.16, -38.11, -0.85609, -0.08731, 0.20922, -0.46445
188, 15, 49.211, -28.162, -8.575, 974.85, -536.32, 878.72, -0.40, -20.64, 27.86, -0.83416, -0.06496, 0.24474, -0.48995
188, 16, 52.923, -25.912, -12.354, 648.62, -472.05, 962.59, 10.90, 37.48, 21.78, -0.82250, -0.03500, 0.24384, -0.51266
188, 16, 53.104, -18.225, -15.877, -26.61, -618.04, 1105.83, -26.27, 75.91, -43.58, -0.82798, 0.02731, 0.20604, -0.52082
188, 15, 53.056, -11.896, -21.360, -364.38, -876.95, 965.45, -44.04, 30.58, -38.48, -0.82629, 0.09774, 0.18653, -0.52240
188, 15, 54.068, -11.552, -22.686, 348.94, -484.68, 1131.84, -28.77, 46.82, 62.38, -0.82039, 0.10727, 0.19111, -0.52813
188, 16, 53.519, -12.199, -21.087, 455.63, -166.75, 1114.20, -45.37, 61.29, 38.44, -0.82444, 0.09354, 0.18780, -0.52563
188, 15, 53.508, -10.780, -20.056, 419.92, -128.42, 1088.99, -64.46, 112.36, 74.46, -0.82512, 0.09304, 0.17306, -0.52969
188, 16, 52.301, -7.018, -22.897, 145.08, -556.21, 1079.28, -58.07, 132.50, 52.09, -0.82660, 0.13335, 0.15833, -0.52334
188, 17, 51.016, -1.949, -23.666, -240.11, -601.26, 1119.14, -28.48, 92.09, 46.25, -0.82806, 0.16418, 0.12394, -0.52154
188, 15, 49.243, -0.086, -24.695, -178.28, -784.30, 1086.18, 7.65, 49.66, 26.31, -0.83281, 0.18191, 0.11243, -0.51059
188, 16, 47.864, 0.905, -22.366, -168.27, -565.19, 1104.19, 41.29, 12.92, 41.28, -0.84156, 0.17050, 0.09275, -0.50409
188, 15, 46.520, -3.088, -19.899, 213.07, -565.00, 1163.76, 68.14, -14.40, 6.69, -0.85365, 0.13600, 0.10972, -0.49066
188, 14, 45.171, -6.402, -17.999, 218.81, -592.90, 1118.47, 99.09, -20.77, -17.01, -0.86272, 0.10881, 0.12489, -0.47778
188, 16, 43.945, -8.643, -13.962, 151.31, -353.27, 1070.31, 122.06, -30.78, -18.84, -0.87116, 0.07002, 0.12401, -0.46990
188, 16, 43.741, -9.989, -13.534, 131.29, -606.69, 956.54, 135.45, -43.91, -28.69, -0.87208, 0.06128, 0.13227, -0.46714
188, 15, 43.872, -11.338, -11.379, 155.15, -450.99, 986.21, 159.20, -57.82, -32.00, -0.87215, 0.03901, 0.13368, -0.46901
188, 17, 43.566, -13.715, -7.091, 222.53, -207.52, 929.14, 167.24, -72.04, -44.49, -0.87289, -0.00333, 0.13402, -0.46914
188, 15, 43.336, -17.249, -2.566, 354.68, -83.68, 853.94, 151.17, -71.62, -43.77, -0.86971, -0.05225, 0.14225, -0.46973
188, 16, 43.099, -19.550, 3.348, 384.70, 156.62, 862.12, 120.79, -62.27, -27.37, -0.86374, -0.10616, 0.13550, -0.47363
188, 15, 44.018, -21.154, 7.159, 416.56, 197.57, 921.26, 79.38, -57.31, -3.35, -0.85329, -0.14229, 0.13070, -0.48431
188, 15, 46.609, -21.672, 6.830, 399.05, 78.37, 983.40, 37.67, -45.91, 17.96, -0.84168, -0.14497, 0.13275, -0.50292
188, 16, 49.323, -21.176, 4.902, 350.10, 36.87, 1025.02, -0.12, -34.42, 30.17, -0.83269, -0.13191, 0.13442, -0.52072
188, 15, 52.496, -20.786, -0.282, 318.36, -241.09, 965.45, -28.08, -22.47, 33.33, -0.82377, -0.09662, 0.15236, -0.53746
188, 15, 56.229, -19.525, -5.232, 304.50, -243.96, 968.02, -36.82, -15.05, 40.28, -0.81075, -0.06036, 0.16454, -0.55855
188, 17, 58.514, -17.308, -7.842, 235.96, -153.38, 1060.49, -45.89, -5.82, 43.39, -0.80241, -0.03399, 0.16109, -0.57361
188, 15, 60.078, -14.956, -10.126, 141.05, -105.47, 902.89, -75.74, -3.57, 48.01, -0.79629, -0.00797, 0.15620, -0.58435
188, 15, 61.140, -12.719, -11.382, 53.10, -18.55, 947.27, -101.77, -13.57, 56.12, -0.79158, 0.01117, 0.14743, -0.59290
188, 16, 62.356, -12.752, -16.070, 228.82, -320.37, 1109.07, -113.50, -9.84, 47.74, -0.78420, 0.04153, 0.17223, -0.59468
188, 15, 63.450, -12.097, -21.777, 157.23, -519.47, 1017.15, -112.46, -4.96, 38.94, -0.77534, 0.08216, 0.19809, -0.59402
188, 16, 63.645, -11.474, -25.932, 175.17, -637.76, 1182.80, -93.55, 3.74, 24.13, -0.77052, 0.11324, 0.21565, -0.58904
188, 15, 62.918, -10.963, -28.548, 162.66, -747.31, 1252.99, -59.49, 9.48, -0.25, -0.77107, 0.13500, 0.22490, -0.58021
188, 15, 61.655, -10.591, -29.757, 108.15, -818.05, 1216.06, -13.90, 8.67, -14.89, -0.77565, 0.14763, 0.22700, -0.57013
188, 17, 59.655, -10.476, -27.523, 93.93, -617.98, 1139.77, 30.87, -0.16, -33.18, -0.78822, 0.13683, 0.21273, -0.56101
188, 15, 57.267, -11.596, -22.407, 142.76, -271.79, 1067.14, 56.82, -9.69, -49.17, -0.80559, 0.09971, 0.19298, -0.55121
188, 15, 54.761, -14.646, -16.525, 401.31, -27.95, 1069.27, 55.62, -13.02, -50.81, -0.82136, 0.04673, 0.18451, -0.53771
188, 17, 52.726, -16.275, -11.843, 387.76, 30.15, 1035.28, 29.50, -8.33, -44.20, -0.83133, 0.00817, 0.17374, -0.52785
188, 15, 51.918, -16.590, -8.803, 361.82, 14.34, 1074.65, 8.87, -7.29, -20.73, -0.83478, -0.01426, 0.16204, -0.52601
188, 15, 52.766, -13.524, -10.812, 25.76, -378.85, 1142.27, 3.29, -15.65, -9.93, -0.83255, 0.01388, 0.14934, -0.53326
188, 16, 53.250, -9.982, -11.067, -232.30, -307.37, 1306.64, 11.39, -35.88, -0.72, -0.83125, 0.03226, 0.12524, -0.54065
189, 7, 52.280, -13.050, -26.313, 278.56, -504.15, 1016.60, -25.09, 22.99, 44.44, -0.82510, 0.12923, 0.21606, -0.50579
189, 27, 51.422, -12.655, -24.596, 206.97, -448.43, 1013.92, -18.65, 12.33, 32.16, -0.83066, 0.12030, 0.20480, -0.50358
189, 16, 50.858, -12.939, -24.531, 223.02, -477.05, 1014.40, -15.05, 8.64, 19.88, -0.83325, 0.11949, 0.20592, -0.49902
189, 16, 50.152, -12.640, -24.668, 194.89, -494.69, 1015.63, -10.74, 6.04, 9.45, -0.83611, 0.12315, 0.20366, -0.49425
189, 15, 49.200, -12.606, -24.788, 189.82, -501.89, 1006.16, -6.52, 2.24, -3.80, -0.84005, 0.12588, 0.20289, -0.48715
189, 15, 47.888, -13.107, -24.101, 210.02, -462.16, 1003.11, -4.53, -0.98, -15.02, -0.84638, 0.12085, 0.20217, -0.47767
189, 16, 46.645, -14.140, -23.436, 260.74, -429.08, 991.15, -6.30, 2.18, -19.71, -0.85222, 0.11349, 0.20559, -0.46752
189, 15, 45.760, -15.169, -23.048, 309.20, -395.81, 957.76, -9.92, 10.47, -12.37, -0.85610, 0.10765, 0.21060, -0.45951
189, 15, 45.013, -16.367, -22.728, 362.61, -358.89, 912.72, -12.63, 20.65, -5.52, -0.85915, 0.10138, 0.21733, -0.45204
189, 17, 44.978, -17.716, -23.168, 501.53, -371.77, 868.84, -13.31, 40.19, 15.99, -0.85855, 0.09885, 0.22880, -0.44807
189, 15, 45.833, -16.766, -24.852, 444.46, -495.85, 864.44, -4.07, 73.48, 47.42, -0.85384, 0.11391, 0.22938, -0.45317
189, 16, 47.242, -13.435, -26.982, 321.47, -711.91, 922.18, 19.74, 98.43, 81.04, -0.84578, 0.14182, 0.21565, -0.46695
189, 15, 48.695, -8.585, -28.090, 135.38, -974.55, 999.21, 68.32, 114.01, 110.55, -0.83647, 0.16923, 0.18761, -0.48629
189, 15, 45.041, -4.277, -19.591, -473.57, 196.53, 1479.98, 58.79, 64.39, -47.61, -0.86086, 0.13003, 0.11554, -0.47819
189, 16, 44.840, -4.619, -24.924, -7.39, -1525.15, 1181.09, -13.85, -6.53, 6.96, -0.85492, 0.16872, 0.13989, -0.47018
189, 15, 47.188, -2.946, -24.991, -26.67, -726.93, 940.80, 64.99, 8.62, 127.54, -0.84382, 0.17364, 0.13138, -0.49047
189, 15, 47.197, -4.421, -19.967, 107.67, -445.43, 1071.41, 103.13, 2.64, 62.72, -0.85136, 0.12999, 0.12065, -0.49369
189, 17, 46.715, -4.741, -13.794, -38.09, -102.54, 1059.39, 86.50, -27.47, 24.09, -0.85929, 0.08294, 0.09592, -0.49552
189, 15, 46.747, -4.554, -8.638, -80.44, -27.83, 1081.97, 73.94, -38.38, 33.97, -0.86200, 0.04502, 0.07215, -0.49972
189, 16, 44.205, -5.909, -5.532, -17.09, -95.52, 1082.34, 52.61, -73.28, -58.24, -0.87363, 0.01719, 0.06839, -0.48146
189, 15, 43.571, -4.489, -3.222, -283.14, 29.24, 890.63, 27.53, -94.92, -13.48, -0.87678, 0.00585, 0.04783, -0.47848
189, 14, 42.280, -8.527, 0.870, 56.21, 251.10, 731.87, -9.12, -138.52, -25.73, -0.87989, -0.04163, 0.06206, -0.46927
189, 16, 40.792, -19.067, -3.695, 915.41, -470.15, 806.58, -37.26, -169.76, -96.09, -0.87837, -0.04766, 0.16169, -0.44727
189, 15, 42.283, -25.947, -8.421, 1280.40, -795.53, 813.05, 4.66, -79.16, -53.82, -0.86551, -0.04211, 0.23124, -0.44233
189, 15, 46.908, -26.139, -12.099, 797.49, -442.81, 845.64, 30.33, 18.20, 32.35, -0.84793, -0.02505, 0.24592, -0.46894
189, 18, 48.475, -20.461, -12.033, 318.91, -246.89, 1018.55, 33.13, 72.55, 12.30, -0.84731, -0.00304, 0.20452, -0.49013
189, 15, 45.916, -11.044, -12.616, -596.07, -397.28, 1209.23, -9.63, 65.95, -103.77, -0.86327, 0.04723, 0.13740, -0.48338
189, 15, 46.367, -6.029, -17.456, -347.53, -713.62, 1015.38, -32.38, 11.26, -6.91, -0.85809, 0.10507, 0.12094, -0.48787
189, 16, 47.383, -6.496, -15.618, 295.47, -114.20, 1113.77, -21.35, 43.88, 68.88, -0.85538, 0.08821, 0.11736, -0.49676
189, 15, 47.613, -8.025, -13.762, 474.18, 56.95, 1100.16, -50.88, 59.05, 47.81, -0.85579, 0.06729, 0.12076, -0.49851
189, 15, 48.417, -7.681, -16.962, 343.38, -361.82, 1016.91, -70.22, 84.66, 51.88, -0.85003, 0.09176, 0.13275, -0.50141
189, 16, 48.397, -5.985, -20.903, 237.98, -622.92, 1126.46, -57.70, 92.41, 34.99, -0.84582, 0.12860, 0.13753, -0.49914
189, 15, 46.086, -2.094, -22.081, -108.40, -624.94, 1174.68, -17.94, 90.23, 11.64, -0.85209, 0.15696, 0.11111, -0.48679
189, 17, 44.068, 1.647, -21.143, -302.49, -482.79, 1066.35, 8.77, 53.19, 8.16, -0.85896, 0.16738, 0.07638, -0.47785
189, 15, 42.841, 2.042, -18.152, -124.02, -321.90, 1075.44, 21.38, 13.16, 25.11, -0.86781, 0.14719, 0.05933, -0.47087
189, 15, 41.428, -1.879, -17.172, 257.20, -508.61, 1206.85, 37.12, -6.98, -3.13, -0.87717, 0.12476, 0.08356, -0.45609
189, 16, 40.129, -4.421, -16.067, 241.58, -559.51, 1201.05, 77.41, 4.93, -13.98, -0.88433, 0.10715, 0.09736, -0.44385
189, 15, 39.318, -3.395, -14.207, -39.49, -398.56, 1066.65, 92.89, -5.23, -7.71, -0.88886, 0.09742, 0.08156, -0.44021
189, 14, 38.702, -4.060, -13.307, 24.60, -493.16, 1074.46, 106.84, -25.43, -15.20, -0.89208, 0.08829, 0.08277, -0.43537
189, 16, 38.273, -5.646, -12.112, 104.37, -499.15, 1060.73, 128.22, -36.09, -19.96, -0.89470, 0.07318, 0.09026, -0.43130
189, 15, 38.540, -6.873, -10.043, 110.66, -353.52, 1021.12, 135.38, -44.12, -19.29, -0.89475, 0.05208, 0.09212, -0.43385
189, 17, 38.793, -9.658, -5.595, 252.44, -128.05, 1043.21, 138.24, -49.74, -17.88, -0.89409, 0.00635, 0.09692, -0.43723
189, 16, 39.517, -12.144, -1.851, 292.54, -51.94, 950.07, 124.84, -43.69, -12.29, -0.88933, -0.03310, 0.10173, -0.44457
189, 15, 40.472, -13.540, 2.656, 316.47, 143.98, 1080.38, 98.61, -40.41, 2.91, -0.88224, -0.07423, 0.09438, -0.45523
189, 16, 42.409, -14.306, 4.486, 279.79, 77.94, 1003.66, 68.40, -34.07, 17.49, -0.87226, -0.09287, 0.09146, -0.47135
189, 15, 44.672, -14.759, 4.564, 274.29, 58.53, 1051.64, 37.16, -34.40, 29.55, -0.86220, -0.09714, 0.09270, -0.48844
189, 15, 47.165, -15.388, 2.304, 289.67, -65.61, 1059.75, 8.73, -30.34, 38.91, -0.85249, -0.08507, 0.10525, -0.50493
189, 16, 49.742, -14.643, -1.779, 157.41, -226.93, 932.37, -11.73, -21.80, 43.80, -0.84417, -0.05400, 0.11643, -0.52049
189, 15, 52.374, -13.328, -5.176, 148.13, -200.01, 1010.62, -21.35, -23.93, 40.17, -0.83420, -0.02571, 0.12161, -0.53728
189, 16, 53.772, -12.264, -6.592, 193.12, -116.21, 1218.75, -36.42, -16.66, 35.16, -0.82841, -0.01179, 0.12042, -0.54689
189, 16, 54.494, -9.864, -7.554, -22.77, -36.80, 915.59, -61.56, -20.69, 30.59, -0.82592, 0.00616, 0.10784, -0.55334
189, 15, 54.702, -8.993, -8.379, 23.80, -23.93, 1157.29, -82.81, -35.06, 23.21, -0.82506, 0.01620, 0.10562, -0.55485
189, 14, 54.776, -9.425, -11.824, 146.97, -292.18, 1375.00, -88.29, -34.90, 9.35, -0.82381, 0.03878, 0.12535, -0.55147
189, 16, 54.906, -9.907, -16.528, 141.91, -488.22, 1126.95, -80.08, -25.05, -0.16, -0.82096, 0.07000, 0.15135, -0.54610
189, 15, 54.742, -10.170, -20.447, 153.08, -635.62, 1183.41, -55.42, -15.94, -9.16, -0.81892, 0.09698, 0.17163, -0.53898
189, 16, 54.145, -10.388, -22.575, 161.87, -628.36, 1182.92, -20.52, -10.27, -17.82, -0.81983, 0.11204, 0.18255, -0.53104
189, 16, 52.589, -10.956, -21.698, 199.46, -506.84, 1217.90, 10.14, -3.43, -24.34, -0.82794, 0.10545, 0.18104, -0.52021
189, 16, 51.053, -11.598, -18.108, 231.20, -277.40, 1147.16, 41.21, 1.38, -26.05, -0.83782, 0.07864, 0.16817, -0.51341
189, 16, 49.925, -11.252, -13.386, 187.99, -53.77, 1103.15, 47.07, 6.39, -11.84, -0.84550, 0.04711, 0.14393, -0.51205
189, 15, 49.389, -10.880, -9.381, 177.67, 8.36, 1088.87, 35.52, -2.40, -2.34, -0.84916, 0.01984, 0.12313, -0.51319
189, 15, 49.783, -9.843, -7.407, 138.73, -78.74, 1136.05, 22.85, -7.14, 14.88, -0.84799, 0.00960, 0.10667, -0.51908
189, 15, 50.808, -7.420, -7.653, -47.49, -226.75, 1275.70, 16.99, -10.44, 30.17, -0.84388, 0.02178, 0.09016, -0.52845
189, 15, 50.995, -4.362, -6.979, -344.60, -160.22, 1390.93, 14.53, -31.20, 12.25, -0.84342, 0.03101, 0.06466, -0.53245
189, 15, 49.916, -2.806, -6.567, -377.93, -150.76, 1367.74, 2.66, -68.86, -28.18, -0.84845, 0.03573, 0.05098, -0.52560
190, 8, 46.252, -13.511, -23.764, 267.58, -434.81, 1049.19, 7.29, -6.45, -14.37, -0.85349, 0.11942, 0.20198, -0.46530
190, 28, 44.952, -14.613, -21.047, 273.62, -380.31, 1043.15, 5.13, -3.25, -4.86, -0.86120, 0.09653, 0.19783, -0.45813
190, 15, 44.584, -14.405, -20.317, 262.57, -363.65, 1020.87, -0.36, 0.51, -0.81, -0.86331, 0.09257, 0.19308, -0.45700
190, 16, 44.596, -14.203, -20.553, 270.32, -382.57, 1014.89, -6.68, 5.71, 7.22, -0.86310, 0.09519, 0.19255, -0.45707
190, 15, 44.908, -13.215, -21.363, 234.44, -407.90, 1004.52, -12.06, 13.09, 20.01, -0.86127, 0.10505, 0.18881, -0.45992
190, 15, 45.213, -11.639, -21.786, 178.89, -409.06, 1011.23, -13.92, 13.82, 30.59, -0.85965, 0.11458, 0.17925, -0.46448
190, 16, 45.287, -10.157, -21.467, 137.51, -374.82, 992.19, -16.49, 11.86, 34.29, -0.85953, 0.11850, 0.16714, -0.46821
190, 15, 45.377, -10.436, -21.121, 193.12, -348.02, 963.50, -21.79, 11.12, 33.84, -0.85955, 0.11457, 0.16787, -0.46890
190, 17, 45.579, -10.965, -21.252, 220.28, -336.55, 929.63, -28.81, 16.18, 35.80, -0.85865, 0.11295, 0.17249, -0.46927
190, 15, 45.888, -11.339, -21.847, 243.10, -353.82, 938.17, -36.45, 24.67, 40.56, -0.85682, 0.11529, 0.17797, -0.47000
190, 15, 46.342, -11.960, -23.233, 320.13, -416.44, 927.98, -37.29, 38.25, 44.82, -0.85358, 0.12217, 0.18866, -0.46999
190, 16, 47.021, -11.464, -25.376, 302.00, -538.76, 921.39, -27.43, 55.94, 56.22, -0.84826, 0.13915, 0.19466, -0.47244
190, 15, 47.777, -9.710, -27.584, 230.10, -686.10, 915.22, -5.48, 70.55, 70.21, -0.84163, 0.16199, 0.19220, -0.47799
190, 15, 48.405, -6.501, -28.732, 87.16, -810.18, 934.88, 33.42, 83.98, 87.29, -0.83540, 0.18373, 0.17499, -0.48757
190, 16, 48.790, -2.627, -27.503, -48.65, -870.61, 1078.37, 85.52, 86.28, 102.94, -0.83262, 0.19150, 0.14247, -0.49977
190, 15, 44.859, -0.048, -14.774, -574.40, 827.03, 1999.94, 103.56, 58.75, -41.40, -0.86461, 0.11188, 0.06334, -0.48572
190, 16, 41.941, 2.397, -17.779, -492.61, -949.28, 1161.80, 13.28, 17.64, -41.39, -0.87168, 0.14624, 0.05395, -0.46462
190, 16, 42.340, 3.600, -19.469, -345.76, -962.04, 1088.93, 50.70, -14.04, 72.18, -0.86674, 0.16369, 0.05220, -0.46823
190, 15, 40.635, 3.098, -18.212, -292.48, -731.87, 1082.28, 108.35, -43.06, -5.04, -0.87579, 0.15290, 0.04863, -0.45524
190, 15, 37.984, -0.939, -12.267, -56.40, -208.01, 1060.06, 118.45, -92.64, -68.67, -0.89482, 0.09256, 0.05399, -0.43338
190, 16, 37.118, -4.530, -5.943, 89.78, 52.31, 1087.46, 103.01, -84.50, -21.22, -0.90186, 0.02980, 0.05790, -0.42710
190, 15, 35.369, -8.906, -3.642, 171.02, -116.76, 980.90, 86.59, -100.97, -73.70, -0.90717, -0.00348, 0.08374, -0.41232
190, 16, 35.054, -10.930, -1.799, 108.95, -43.09, 804.93, 68.02, -106.32, -46.97, -0.90686, -0.02515, 0.09316, -0.41024
190, 15, 35.236, -14.123, 3.069, 205.51, 271.73, 761.66, 36.54, -119.11, -31.36, -0.90124, -0.07518, 0.10078, -0.41468
190, 16, 35.846, -20.757, 1.149, 740.97, -96.31, 864.69, -5.89, -114.97, -64.87, -0.89196, -0.08458, 0.15935, -0.41457
190, 16, 39.163, -24.088, -3.077, 1005.43, -427.67, 958.98, 3.12, -23.31, -16.13, -0.87756, -0.06951, 0.19842, -0.43092
190, 15, 43.128, -22.428, -6.009, 624.27, -218.08, 972.17, 6.26, 58.77, 34.10, -0.86600, -0.04736, 0.19524, -0.45791
190, 15, 45.176, -15.108, -6.867, 138.06, -123.60, 1188.42, -5.68, 107.73, 34.90, -0.86523, -0.01292, 0.14345, -0.48024
190, 16, 44.317, -5.491, -8.269, -513.85, -319.34, 1335.82, -13.34, 114.43, -36.55, -0.87253, 0.03975, 0.07674, -0.48086
190, 15, 44.257, -1.734, -13.066, -165.10, -494.93, 1061.04, -58.49, 44.94, 5.32, -0.86944, 0.09218, 0.06835, -0.48053
190, 15, 45.623, -0.889, -13.247, 101.75, -185.42, 1060.91, -49.00, 67.16, 87.09, -0.86315, 0.09636, 0.06386, -0.49154
190, 16, 46.161, -1.448, -10.829, 241.21, 100.46, 1095.15, -61.77, 73.90, 74.04, -0.86286, 0.07545, 0.05804, -0.49641
190, 16, 45.787, -1.048, -13.153, 115.54, -280.15, 1112.98, -73.19, 79.74, 46.22, -0.86260, 0.09487, 0.06479, -0.49267
190, 16, 44.944, 0.327, -17.086, 12.21, -637.21, 1177.06, -48.84, 72.50, 30.91, -0.86157, 0.13084, 0.07040, -0.48540
190, 15, 43.374, 1.252, -20.357, -52.06, -879.39, 1158.08, -4.91, 56.34, 10.22, -0.86330, 0.16031, 0.07511, -0.47263
190, 15, 42.064, 4.083, -20.651, -368.23, -698.67, 1139.71, 36.20, 29.64, 16.85, -0.86565, 0.17468, 0.05294, -0.46619
190, 16, 40.306, 2.726, -18.100, -80.08, -461.85, 1166.50, 58.99, 0.95, 1.72, -0.87755, 0.15073, 0.05060, -0.45236
190, 15, 38.605, -0.416, -17.331, 169.86, -649.29, 1158.87, 87.34, -6.94, -25.74, -0.88723, 0.13360, 0.06974, -0.43601
190, 15, 37.115, -1.295, -13.797, 27.77, -398.74, 1201.54, 121.00, 5.00, -22.67, -0.89690, 0.10362, 0.06176, -0.42547
190, 16, 36.338, 1.166, -10.056, -189.94, -296.08, 1060.61, 136.60, -1.14, -21.93, -0.90189, 0.08368, 0.02795, -0.42286
190, 16, 35.616, 2.259, -6.711, -163.02, -244.81, 1028.75, 148.16, -24.85, -28.78, -0.90623, 0.06138, 0.00659, -0.41825
190, 15, 34.896, 0.304, -4.181, 21.79, -261.41, 1053.71, 158.17, -42.45, -37.28, -0.91041, 0.03433, 0.01262, -0.41209
190, 16, 34.870, -3.049, -0.134, 177.80, -104.61, 1037.23, 167.13, -48.19, -28.43, -0.91084, -0.00990, 0.02472, -0.41190
190, 15, 35.696, -5.579, 5.043, 181.82, 68.48, 997.25, 162.32, -45.53, -11.87, -0.90531, -0.06026, 0.02576, -0.41967
190, 15, 36.640, -7.298, 11.443, 199.22, 334.41, 1025.15, 144.91, -43.75, -2.18, -0.89564, -0.11699, 0.01490, -0.42886
190, 15, 37.935, -9.151, 15.730, 255.13, 410.71, 1064.45, 90.66, -41.69, 7.04, -0.88374, -0.15722, 0.01160, -0.44063
190, 15, 39.992, -10.487, 17.209, 257.93, 364.93, 1131.96, 47.95, -31.82, 23.39, -0.87191, -0.17375, 0.01319, -0.45761
190, 17, 43.338, -10.204, 14.891, 122.25, 132.87, 1039.37, 14.12, -25.84, 35.34, -0.86188, -0.15552, 0.01572, -0.48243
190, 16, 46.181, -10.563, 11.226, 174.32, 9.34, 1116.03, -9.67, -24.33, 39.87, -0.85380, -0.13014, 0.03066, -0.50314
190, 15, 48.805, -10.323, 7.170, 143.31, -60.24, 1126.40, -25.05, -16.11, 46.36, -0.84638, -0.09986, 0.04436, -0.52124
190, 16, 50.805, -8.611, 3.186, 7.39, -118.59, 1109.92, -35.03, -10.19, 42.59, -0.84141, -0.06353, 0.04862, -0.53444
190, 14, 51.751, -5.782, 0.690, -150.63, -43.40, 988.77, -44.82, -18.29, 32.19, -0.83955, -0.03236, 0.03915, -0.54090
190, 15, 52.181, -3.827, -0.337, -204.59, 83.86, 1040.83, -64.90, -44.14, 32.37, -0.83834, -0.01572, 0.02961, -0.54411
190, 16, 52.143, -5.360, -2.461, 48.52, -13.79, 1113.77, -75.44, -57.70, 23.53, -0.83837, -0.00744, 0.05089, -0.54266
190, 15, 52.410, -8.424, -6.961, 251.71, -299.07, 1255.86, -79.38, -56.43, 12.03, -0.83630, 0.01067, 0.09448, -0.53996
190, 16, 52.707, -10.168, -11.816, 209.66, -422.06, 1160.95, -64.95, -45.32, -9.37, -0.83354, 0.03740, 0.12993, -0.53566
190, 16, 52.391, -11.350, -14.534, 237.67, -420.23, 1172.85, -33.55, -29.81, -27.49, -0.83379, 0.05189, 0.15091, -0.52852
190, 15, 51.629, -11.754, -15.605, 231.38, -404.11, 1245.48, -9.45, -19.87, -39.22, -0.83671, 0.05880, 0.15834, -0.52094
190, 16, 50.722, -11.677, -14.973, 236.45, -337.59, 1238.77, 13.73, -7.90, -38.64, -0.84114, 0.05577, 0.15448, -0.51527
190, 15, 49.788, -10.809, -12.161, 172.61, -155.82, 1197.08, 28.85, -2.08, -29.34, -0.84666, 0.04029, 0.13516, -0.51310
190, 15, 49.211, -10.357, -8.944, 200.87, -57.56, 1165.59, 33.94, 1.14, -18.77, -0.85020, 0.01919, 0.11730, -0.51286
190, 16, 49.125, -9.321, -6.513, 155.88, -60.85, 1165.10, 34.03, 1.62, -10.89, -0.85120, 0.00595, 0.09874, -0.51544
190, 15, 49.613, -7.761, -4.707, 91.92, -55.85, 1196.35, 33.84, 0.71, 6.47, -0.84954, -0.00068, 0.07906, -0.52156
190, 15, 50.232, -4.578, -3.211, -178.41, -42.05, 1341.67, 32.52, -9.70, 13.34, -0.84749, 0.00258, 0.04869, -0.52857
190, 17, 50.359, -1.601, -1.604, -437.44, 37.11, 1427.00, 26.05, -38.87, 4.81, -0.84725, 0.00444, 0.01927, -0.53083
190, 15, 49.641, -0.577, 0.514, -387.08, 197.08, 1325.07, 6.16, -82.60, -19.48, -0.85059, -0.00646, 0.00192, -0.52578
190, 16, 48.247, -2.958, 2.704, -54.02, 354.68, 1223.33, -36.47, -107.70, -42.38, -0.85612, -0.03351, 0.00996, -0.51560
190, 15, 46.880, -7.436, 3.631, 291.50, 378.17, 1135.99, -73.94, -92.35, -48.11, -0.85976, -0.06002, 0.03997, -0.50559
190, 15, 46.016, -11.829, 0.803, 466.49, 75.38, 1105.96, -102.01, -63.78, -58.01, -0.86183, -0.05742, 0.08584, -0.49657
191, 7, 31.575, -3.500, -16.655, 49.99, -299.50, 1050.78, -2.78, -6.73, -8.88, -0.91417, 0.12191, 0.08372, -0.37738
191, 27, 31.894, -5.057, -18.280, 124.27, -394.53, 1085.39, -9.48, -0.27, 17.85, -0.91168, 0.12933, 0.10175, -0.37651
191, 15, 32.352, -5.483, -18.912, 138.00, -409.73, 1107.42, -7.64, 7.04, 32.11, -0.90952, 0.13248, 0.10773, -0.37896
191, 16, 32.744, -4.358, -18.462, 70.98, -360.66, 1081.24, -7.24, 12.99, 40.57, -0.90850, 0.13243, 0.09781, -0.38409
191, 16, 33.042, -3.513, -17.563, 57.01, -318.60, 1058.04, -9.45, 16.20, 42.41, -0.90829, 0.12798, 0.08845, -0.38835
191, 15, 33.311, -2.293, -17.097, 25.02, -318.54, 1053.89, -14.40, 18.86, 44.70, -0.90750, 0.12833, 0.07753, -0.39239
191, 16, 33.380, -0.528, -17.464, -38.27, -347.47, 1042.91, -18.95, 19.91, 39.71, -0.90608, 0.13730, 0.06492, -0.39490
191, 15, 32.968, 0.774, -18.755, -74.28, -417.72, 1005.13, -18.39, 16.65, 25.63, -0.90514, 0.15219, 0.05855, -0.39259
191, 16, 32.330, 1.012, -20.170, -44.07, -469.79, 979.25, -11.15, 12.83, 20.90, -0.90520, 0.16451, 0.06060, -0.38713
191, 15, 31.731, 0.240, -21.057, 23.13, -490.66, 968.63, 2.02, 12.70, 21.23, -0.90642, 0.16929, 0.06881, -0.38080
191, 14, 31.234, -0.846, -21.606, 85.75, -507.02, 921.81, 19.65, 19.23, 21.63, -0.90790, 0.17036, 0.07848, -0.37488
191, 16, 30.864, -1.912, -21.682, 144.10, -538.21, 933.59, 40.52, 31.23, 28.54, -0.90956, 0.16772, 0.08662, -0.37024
191, 16, 30.865, -2.055, -21.048, 169.56, -615.91, 990.54, 80.78, 50.66, 43.17, -0.91053, 0.16222, 0.08570, -0.37050
191, 15, 27.987, 0.622, -11.718, -407.71, 831.85, 1999.94, 72.32, 50.67, -65.25, -0.92915, 0.09729, 0.03136, -0.35528
191, 16, 24.631, 4.656, -15.286, -531.01, -667.60, 1162.05, -9.61, 28.72, -103.40, -0.93335, 0.13873, 0.00572, -0.33103
191, 15, 24.547, 6.202, -20.589, -378.91, -1287.23, 1083.01, 9.73, -3.04, 20.20, -0.92479, 0.18603, 0.00833, -0.33180
191, 15, 23.850, 4.539, -21.896, -32.17, -1060.61, 1188.78, 82.31, -18.41, -0.11, -0.92613, 0.19217, 0.02443, -0.32367
191, 16, 22.520, 1.444, -19.473, 120.12, -601.68, 1138.55, 125.09, -12.83, -34.93, -0.93577, 0.16455, 0.04090, -0.30918
191, 15, 23.034, -0.358, -14.841, 149.84, -309.94, 1135.31, 130.68, 4.65, 14.67, -0.94096, 0.12155, 0.04374, -0.31290
191, 16, 23.973, -0.095, -8.848, 42.11, -110.90, 1215.76, 135.03, 5.50, -6.68, -0.94336, 0.07272, 0.02576, -0.32267
191, 16, 25.808, 3.377, -2.355, -312.81, 212.34, 1057.37, 121.97, -3.32, 16.92, -0.94004, 0.02930, -0.02076, -0.33916
191, 15, 27.591, 5.533, 3.716, -463.50, 499.82, 928.10, 58.63, -66.67, 5.26, -0.93444, -0.01324, -0.05657, -0.35134
191, 16, 28.438, 3.291, 5.814, -92.22, 204.59, 901.06, 18.26, -100.52, -21.31, -0.93177, -0.03696, -0.04502, -0.35834
191, 15, 29.704, -4.160, 2.357, 463.68, -221.07, 853.33, 6.16, -94.20, 3.28, -0.92771, -0.03253, 0.02608, -0.37096
191, 15, 32.139, -10.099, -0.770, 593.75, -260.50, 820.62, 13.08, -47.46, 27.13, -0.91735, -0.02819, 0.08365, -0.38818
191, 16, 34.600, -13.078, -2.094, 519.47, -91.37, 915.77, 9.61, 3.58, 33.83, -0.90689, -0.03011, 0.11130, -0.40529
191, 14, 36.746, -11.729, -2.173, 370.61, 16.05, 1231.08, -5.05, 59.85, 35.29, -0.90022, -0.02655, 0.10043, -0.42287
191, 15, 37.530, -2.411, -3.237, -626.22, -100.16, 1605.77, -16.64, 90.86, -6.65, -0.90104, 0.01635, 0.03119, -0.43230
191, 17, 37.488, 5.179, -6.302, -750.43, -280.09, 1033.81, -42.42, 43.98, -8.07, -0.89814, 0.06903, -0.01691, -0.43392
191, 15, 38.160, 9.129, -7.792, -440.61, -110.47, 1011.23, -59.30, 12.86, 31.58, -0.89166, 0.09567, -0.04170, -0.44052
191, 16, 38.946, 5.745, -7.367, 218.08, 90.94, 1116.03, -78.83, 16.42, 33.49, -0.89152, 0.07970, -0.01631, -0.44562
191, 15, 38.945, 3.025, -10.864, 352.60, -285.40, 1203.61, -92.53, 52.41, 23.65, -0.89048, 0.09646, 0.01849, -0.44430
191, 15, 38.370, 3.701, -15.314, 92.47, -536.62, 1275.76, -76.15, 83.16, 21.06, -0.88778, 0.13368, 0.02981, -0.43942
191, 16, 36.504, 5.726, -19.617, -104.25, -802.98, 1204.47, -33.87, 87.33, -4.36, -0.88722, 0.17493, 0.02776, -0.42599
191, 15, 34.451, 8.884, -20.946, -340.03, -692.32, 1218.51, 16.38, 73.27, -5.01, -0.88900, 0.19652, 0.00456, -0.41357
191, 15, 32.163, 11.658, -17.845, -403.02, -422.79, 1214.11, 53.85, 48.54, 2.46, -0.89864, 0.18122, -0.03213, -0.39821
191, 17, 30.668, 11.018, -13.826, -232.60, -298.65, 1193.42, 78.93, 9.61, -3.84, -0.91030, 0.14696, -0.04289, -0.38460
191, 15, 29.482, 8.486, -11.334, -63.29, -346.25, 1168.76, 99.40, -6.54, -8.54, -0.91974, 0.11869, -0.03212, -0.37277
191, 15, 28.794, 6.307, -8.617, -48.34, -280.33, 1117.55, 119.27, -13.34, -9.96, -0.92617, 0.08981, -0.02387, -0.36548
191, 16, 28.864, 5.098, -4.763, -84.72, -155.94, 1116.64, 131.04, -18.17, -5.17, -0.92909, 0.05483, -0.02629, -0.36482
191, 15, 28.902, 3.880, -3.629, -24.48, -301.39, 1057.56, 134.94, -19.90, -7.43, -0.92998, 0.04180, -0.01999, -0.36469
191, 14, 29.326, 3.124, -2.621, -39.49, -316.28, 999.57, 147.16, -22.95, 0.98, -0.92920, 0.03127, -0.01694, -0.36787
191, 16, 30.675, 2.604, 2.962, -54.81, 53.65, 1032.35, 151.47, -27.50, 16.33, -0.92530, -0.01532, -0.03080, -0.37768
191, 15, 33.428, 2.118, 9.389, -59.08, 292.36, 1040.22, 131.57, -32.07, 28.54, -0.91364, -0.06760, -0.04966, -0.39778
191, 17, 35.852, 0.848, 14.583, -16.36, 434.94, 1057.92, 96.92, -39.31, 35.19, -0.90062, -0.11211, -0.05995, -0.41561
191, 15, 38.150, -0.490, 15.664, -4.58, 285.95, 1079.90, 42.72, -42.03, 37.54, -0.89034, -0.12436, -0.05588, -0.43441
191, 15, 40.072, -1.894, 13.552, 17.70, 99.12, 1106.45, 15.18, -43.96, 41.41, -0.88428, -0.11261, -0.03881, -0.45151
191, 16, 41.572, -3.671, 10.697, 87.22, 37.72, 1138.73, -5.01, -42.40, 33.74, -0.87981, -0.09731, -0.01505, -0.46501
191, 15, 43.044, -5.604, 7.835, 177.31, 45.59, 1237.43, -25.60, -29.96, 35.26, -0.87477, -0.08323, 0.01041, -0.47722
191, 15, 44.195, -3.942, 4.449, -102.17, -38.82, 1080.26, -43.05, -20.87, 31.31, -0.87282, -0.05059, 0.01125, -0.48528
191, 16, 45.039, -2.929, 0.890, -101.68, -99.85, 1163.64, -53.20, -28.63, 33.51, -0.87064, -0.01932, 0.01845, -0.49120
191, 15, 46.110, -1.711, -2.894, -125.92, -166.38, 1177.61, -56.72, -28.69, 30.75, -0.86623, 0.01442, 0.02553, -0.49878
191, 16, 46.457, 0.358, -5.227, -236.21, -115.30, 1040.89, -59.95, -30.19, 20.71, -0.86393, 0.04101, 0.02019, -0.50154
191, 16, 46.182, 0.570, -7.607, -111.51, -170.59, 1118.53, -58.49, -33.11, 9.22, -0.86402, 0.05993, 0.02886, -0.49904
191, 14, 45.789, -0.652, -10.196, -5.98, -286.07, 1231.81, -47.39, -29.40, 5.07, -0.86462, 0.07429, 0.04907, -0.49448
191, 16, 45.211, -1.967, -12.311, 41.81, -353.82, 1216.43, -27.29, -23.16, -5.41, -0.86607, 0.08490, 0.06765, -0.48799
191, 15, 44.459, -2.603, -12.482, 38.15, -285.95, 1214.60, -2.61, -12.21, -9.99, -0.86932, 0.08395, 0.07263, -0.48161
191, 15, 43.744, -3.083, -10.317, 59.94, -134.28, 1196.59, 13.73, -6.60, -13.41, -0.87384, 0.06589, 0.06674, -0.47709
191, 16, 42.982, -4.072, -8.087, 135.62, -92.83, 1185.30, 23.62, 0.27, -22.46, -0.87817, 0.04514, 0.06469, -0.47180
191, 15, 42.636, -3.126, -5.127, 35.46, -2.32, 1155.15, 31.78, 6.64, -17.89, -0.88052, 0.02652, 0.04515, -0.47111
191, 16, 42.301, -2.266, -2.050, 19.78, 102.60, 1155.15, 30.42, 6.86, -22.34, -0.88238, 0.00649, 0.02586, -0.46977
191, 16, 42.014, -1.244, 0.092, -0.79, 87.95, 1140.93, 23.63, 6.94, -27.82, -0.88365, -0.00579, 0.00922, -0.46802
191, 14, 41.891, 0.037, 1.195, -38.70, 61.83, 1152.22, 17.10, 6.03, -26.25, -0.88416, -0.00907, -0.00515, -0.46706
191, 15, 41.788, 1.899, 1.559, -130.25, 40.89, 1157.47, 11.27, 1.89, -23.50, -0.88453, -0.00431, -0.02100, -0.46599
191, 16, 41.891, 3.516, 1.614, -173.89, 35.64, 1157.47, 4.90, -6.87, -13.02, -0.88391, 0.00188, -0.03370, -0.46644
191, 15, 42.262, 2.983, 1.026, -54.50, -0.92, 1183.84, -0.08, -15.76, -1.20, -0.88247, 0.00433, -0.02718, -0.46956
192, 8, 70.740, -14.941, -21.135, 272.71, -439.88, 1023.56, 38.32, 13.69, -22.14, -0.73730, 0.04859, 0.21689, -0.63796
192, 26, 66.889, -17.096, -16.942, 313.48, -372.56, 1080.44, 42.87, 11.04, -38.12, -0.75965, 0.01585, 0.20635, -0.61652
192, 18, 65.161, -17.855, -15.558, 378.60, -366.03, 1145.02, 39.69, 9.45, -43.72, -0.76883, 0.00544, 0.20369, -0.60612
192, 15, 63.838, -18.159, -15.081, 380.55, -374.02, 1112.61, 33.56, 10.87, -44.10, -0.77570, 0.00290, 0.20312, -0.59752
192, 15, 62.700, -17.492, -14.839, 319.21, -341.55, 1071.23, 24.63, 11.54, -39.73, -0.78184, 0.00688, 0.19742, -0.59135
192, 16, 61.614, -16.571, -15.097, 267.21, -330.20, 1015.93, 12.31, 9.48, -39.21, -0.78769, 0.01547, 0.19253, -0.58501
192, 15, 60.760, -15.869, -16.113, 244.81, -365.48, 1003.36, 1.74, 3.42, -36.06, -0.79201, 0.02766, 0.19283, -0.57860
192, 15, 60.116, -16.242, -16.350, 312.19, -300.48, 1027.65, -12.31, 1.31, -17.75, -0.79510, 0.02842, 0.19637, -0.57310
192, 17, 59.430, -17.005, -15.963, 361.27, -225.04, 1021.61, -30.57, 5.00, -10.27, -0.79840, 0.02290, 0.19943, -0.56769
192, 15, 59.334, -18.232, -17.455, 396.61, -252.08, 895.08, -51.30, 11.73, -0.95, -0.79816, 0.02704, 0.21503, -0.56212
192, 16, 59.950, -19.335, -20.218, 437.56, -300.42, 797.91, -67.66, 21.58, 16.01, -0.79403, 0.03921, 0.23608, -0.55879
192, 16, 61.146, -19.734, -24.320, 418.52, -375.61, 694.52, -77.30, 34.90, 31.90, -0.78632, 0.06279, 0.25921, -0.55729
192, 15, 62.810, -19.509, -28.847, 514.47, -549.19, 767.27, -72.08, 51.19, 57.23, -0.77516, 0.09093, 0.28093, -0.55851
192, 16, 64.879, -16.879, -32.843, 465.45, -808.90, 904.66, -36.11, 77.84, 95.96, -0.76012, 0.12703, 0.28615, -0.56939
192, 15, 66.515, -13.054, -34.121, 320.37, -877.01, 1039.73, 18.97, 87.81, 118.44, -0.74741, 0.15269, 0.27102, -0.58703
192, 15, 67.308, -9.947, -32.433, 227.36, -915.28, 1115.91, 93.48, 86.05, 107.49, -0.74256, 0.15726, 0.24414, -0.60355
192, 16, 64.235, -6.066, -29.314, -292.97, -583.92, 1360.41, 8.84, 75.57, -24.22, -0.75904, 0.16409, 0.19884, -0.59782
192, 15, 63.484, -5.638, -31.437, -247.31, -1464.90, 1025.02, 40.29, 3.91, 19.69, -0.75927, 0.18178, 0.20594, -0.58997
192, 16, 64.003, -2.369, -24.827, -257.51, -350.28, 982.24, 95.91, 28.74, 106.01, -0.76266, 0.15458, 0.15067, -0.60971
192, 16, 64.325, -4.272, -18.073, 0.79, -205.20, 1140.63, 85.72, -23.19, 81.50, -0.76998, 0.09867, 0.12749, -0.61737
192, 15, 62.820, -9.951, -11.448, 434.57, 70.01, 1320.50, 70.01, -43.25, 14.86, -0.78318, 0.02447, 0.12931, -0.60772
192, 15, 61.294, -10.372, -7.474, 26.92, -40.28, 1022.77, 43.41, -27.60, 7.11, -0.79152, -0.00351, 0.11107, -0.60096
192, 16, 59.140, -10.490, -4.607, -33.08, 16.60, 838.75, 12.41, -54.01, -22.10, -0.80234, -0.02210, 0.09724, -0.58848
192, 15, 58.112, -15.296, -6.869, 242.00, -211.00, 708.74, -11.99, -78.39, -25.71, -0.80551, -0.02994, 0.14240, -0.57444
192, 16, 58.250, -22.338, -11.191, 541.99, -436.40, 663.15, -20.65, -102.04, -40.90, -0.80077, -0.03602, 0.21218, -0.55897
192, 15, 60.684, -28.170, -14.710, 753.91, -375.98, 647.03, -5.65, -64.60, 6.02, -0.78465, -0.04722, 0.26729, -0.55736
192, 16, 62.959, -28.709, -18.332, 619.87, -544.43, 734.19, 11.72, 0.50, -7.80, -0.77426, -0.03098, 0.28768, -0.56285
192, 16, 63.828, -25.380, -20.522, 391.66, -649.90, 921.14, 30.42, 40.84, -25.08, -0.77252, -0.00008, 0.27736, -0.57121
192, 15, 60.302, -19.434, -16.908, 1.89, -139.77, 1350.28, -5.87, 65.53, -60.84, -0.79305, 0.01506, 0.22055, -0.56762
192, 15, 58.299, -12.336, -20.414, -578.25, -656.25, 909.18, -45.96, 25.41, -79.61, -0.80231, 0.08022, 0.18917, -0.56043
192, 16, 58.246, -12.833, -23.834, 265.44, -690.37, 1096.92, -41.69, 8.29, 5.84, -0.79996, 0.10166, 0.20912, -0.55317
192, 15, 57.211, -13.287, -24.338, 302.37, -543.52, 1158.57, -23.34, 30.08, 2.25, -0.80459, 0.10477, 0.21367, -0.54407
192, 15, 56.017, -14.019, -23.298, 419.43, -398.99, 1109.80, -22.45, 60.85, 22.29, -0.81127, 0.09595, 0.21270, -0.53609
192, 17, 54.112, -12.140, -21.722, 246.95, -384.40, 1133.18, -19.48, 80.83, 6.07, -0.82117, 0.09741, 0.19079, -0.52895
192, 15, 52.807, -10.188, -21.856, 191.83, -464.54, 1081.36, -10.80, 73.12, 16.91, -0.82662, 0.10995, 0.17654, -0.52292
192, 17, 50.962, -8.504, -19.955, 149.54, -381.41, 1089.29, 5.01, 71.46, 5.93, -0.83632, 0.10681, 0.15420, -0.51515
192, 14, 49.372, -5.838, -18.346, -6.16, -360.53, 1096.68, 13.96, 50.42, -2.54, -0.84412, 0.10930, 0.12621, -0.50949
192, 15, 48.405, -5.947, -18.915, 124.15, -583.25, 1168.82, 29.19, 29.75, 2.21, -0.84787, 0.11407, 0.12858, -0.50157
192, 16, 48.066, -5.431, -18.882, 52.49, -558.29, 1116.46, 50.48, 15.64, 19.01, -0.84919, 0.11652, 0.12431, -0.49984
192, 15, 47.996, -4.858, -18.424, -19.71, -546.08, 1026.12, 73.63, -6.81, 19.26, -0.84974, 0.11576, 0.11803, -0.50061
192, 15, 47.423, -6.885, -15.791, 103.82, -399.05, 1032.04, 95.91, -28.78, 8.09, -0.85514, 0.08773, 0.12101, -0.49638
192, 17, 47.711, -9.367, -14.790, 233.46, -532.23, 1048.03, 111.22, -37.25, 6.80, -0.85474, 0.06883, 0.13518, -0.49640
192, 15, 48.339, -11.254, -12.431, 228.70, -379.52, 1047.30, 129.02, -36.56, 15.67, -0.85288, 0.04198, 0.13910, -0.50148
192, 15, 48.818, -10.634, -9.091, 81.05, -249.94, 984.80, 134.54, -39.38, 10.65, -0.85184, 0.01942, 0.11993, -0.50951
192, 16, 48.814, -11.777, -6.758, 140.93, -204.53, 899.90, 121.11, -55.01, -9.77, -0.85155, -0.00312, 0.11797, -0.51082
192, 15, 48.841, -14.290, -4.246, 257.20, -112.00, 950.20, 89.03, -54.66, -7.87, -0.84945, -0.03321, 0.12529, -0.51150
192, 16, 48.459, -15.533, -0.428, 279.36, 107.42, 1013.43, 51.36, -43.41, -6.95, -0.84841, -0.06670, 0.11758, -0.51180
192, 15, 49.050, -14.028, -0.709, 107.91, -44.31, 937.81, 15.34, -34.47, -1.37, -0.84732, -0.05843, 0.10740, -0.51682
192, 15, 50.409, -11.832, -1.570, 49.01, -10.44, 955.26, -17.57, -34.52, 11.43, -0.84324, -0.04323, 0.09455, -0.52739
192, 17, 51.221, -10.568, -4.354, 61.52, -106.14, 973.33, -54.03, -36.29, 0.52, -0.84098, -0.01757, 0.09793, -0.53183
192, 15, 51.764, -10.975, -8.124, 170.72, -177.92, 1025.63, -79.53, -35.06, -4.85, -0.83845, 0.00763, 0.11838, -0.53192
192, 15, 52.132, -12.609, -12.157, 261.23, -210.21, 894.17, -95.73, -21.78, -7.64, -0.83556, 0.02889, 0.14888, -0.52805
192, 16, 52.345, -13.268, -16.176, 259.40, -264.77, 982.60, -110.47, -13.69, -9.83, -0.83296, 0.05470, 0.17211, -0.52304
192, 15, 52.906, -13.492, -19.098, 329.71, -292.60, 1178.28, -120.51, 0.53, 19.21, -0.82873, 0.07392, 0.18733, -0.52215
192, 15, 54.287, -12.090, -24.214, 255.98, -562.74, 1161.01, -114.39, 16.83, 44.93, -0.81804, 0.11518, 0.20208, -0.52603
192, 16, 55.526, -10.449, -28.554, 188.17, -804.38, 1194.95, -75.42, 18.23, 51.92, -0.80657, 0.15181, 0.21225, -0.53042
192, 15, 55.242, -10.337, -30.715, 172.55, -827.33, 1138.73, -29.42, 12.76, 17.10, -0.80479, 0.16809, 0.22105, -0.52459
192, 17, 53.605, -10.760, -29.100, 160.71, -645.75, 1124.27, 6.26, 6.58, -13.29, -0.81477, 0.15772, 0.21428, -0.51513
192, 15, 51.597, -11.851, -25.562, 203.13, -409.42, 1063.05, 29.37, 4.65, -33.91, -0.82863, 0.13078, 0.20359, -0.50480
192, 15, 49.430, -11.916, -21.240, 155.88, -221.98, 1037.96, 31.20, 5.76, -40.60, -0.84251, 0.10261, 0.18296, -0.49615
192, 16, 47.775, -11.629, -18.109, 151.55, -207.58, 1041.87, 15.73, -2.84, -36.32, -0.85216, 0.08329, 0.16608, -0.48918
192, 15, 47.167, -11.265, -16.789, 186.71, -274.35, 1045.65, 2.15, -5.39, -14.16, -0.85569, 0.07595, 0.15737, -0.48709
192, 15, 47.231, -11.037, -18.210, 182.56, -408.57, 1051.33, -6.81, -10.22, -9.32, -0.85442, 0.08748, 0.16178, -0.48594
192, 16, 47.268, -11.545, -20.174, 229.25, -541.69, 1066.22, 0.47, -12.52, -15.13, -0.85266, 0.09978, 0.17382, -0.48249
192, 15, 46.896, -11.324, -20.913, 186.10, -495.54, 1069.40, 16.56, -8.19, -22.55, -0.85355, 0.10684, 0.17498, -0.47899
192, 16, 46.690, -10.547, -20.730, 161.99, -521.73, 1243.10, 22.73, -12.46, -12.84, -0.85452, 0.10924, 0.16834, -0.47909
192, 17, 46.647, -8.348, -17.977, -45.17, -292.97, 1363.04, 30.37, -13.87, 7.18, -0.85692, 0.09845, 0.14056, -0.48604
192, 14, 46.223, -5.298, -14.708, -345.89, -54.20, 1369.75, 11.96, -28.82, -6.41, -0.86084, 0.08779, 0.10365, -0.49041
192, 16, 44.918, -4.183, -13.881, -265.93, -170.78, 1251.10, -27.36, -64.53, -48.48, -0.86676, 0.08749, 0.09078, -0.48252
192, 15, 43.887, -5.203, -14.446, -26.55, -221.07, 1114.38, -54.37, -76.88, -42.85, -0.87085, 0.08830, 0.10004, -0.47310
192, 15, 43.623, -9.044, -15.237, 232.79, -162.17, 1025.33, -74.13, -69.18, -22.29, -0.87162, 0.07837, 0.13202, -0.46551
192, 16, 43.636, -13.304, -18.341, 460.39, -315.06, 1011.23, -90.13, -48.24, -25.93, -0.86883, 0.08388, 0.17636, -0.45497
192, 15, 43.836, -15.296, -23.279, 463.20, -514.28, 993.47, -90.46, -13.78, -33.68, -0.86345, 0.11236, 0.21059, -0.44439
193, 8, 39.324, -10.641, -25.276, 221.98, -447.94, 972.35, -10.38, 5.09, 5.74, -0.87809, 0.15440, 0.17835, -0.41631
193, 26, 39.387, -11.375, -26.024, 228.58, -440.25, 952.76, -25.93, 6.84, 11.53, -0.87695, 0.15712, 0.18664, -0.41406
193, 16, 39.527, -11.578, -26.499, 234.74, -444.40, 956.91, -34.36, 8.00, 17.68, -0.87581, 0.15972, 0.19006, -0.41392
193, 15, 39.936, -11.518, -27.687, 234.01, -480.83, 952.82, -41.79, 10.25, 26.92, -0.87262, 0.16833, 0.19450, -0.41517
193, 15, 40.454, -10.755, -29.402, 191.53, -528.69, 932.31, -45.82, 10.96, 33.26, -0.86792, 0.18353, 0.19588, -0.41793
193, 16, 40.667, -10.963, -30.506, 197.75, -544.13, 907.35, -46.51, 8.98, 41.49, -0.86540, 0.19067, 0.20178, -0.41714
193, 16, 41.233, -11.592, -31.354, 249.08, -547.06, 897.71, -46.49, 10.85, 55.79, -0.86213, 0.19350, 0.21043, -0.41834
193, 15, 42.092, -12.110, -32.414, 290.47, -567.50, 877.50, -46.20, 19.74, 70.29, -0.85735, 0.19772, 0.21955, -0.42149
193, 16, 43.088, -11.926, -33.488, 282.17, -592.83, 856.45, -42.03, 33.24, 86.22, -0.85170, 0.20457, 0.22395, -0.42732
193, 15, 43.904, -10.267, -35.162, 184.81, -691.16, 808.96, -29.23, 43.93, 84.78, -0.84465, 0.22234, 0.21988, -0.43449
193, 15, 44.685, -8.567, -36.410, 154.30, -792.18, 779.11, -4.88, 46.71, 92.49, -0.83797, 0.23718, 0.21410, -0.44240
193, 16, 45.490, -7.314, -36.424, 180.36, -832.46, 763.12, 31.82, 52.75, 108.38, -0.83375, 0.24111, 0.20693, -0.45156
193, 15, 45.580, -5.648, -33.130, 128.72, -866.46, 879.27, 95.02, 63.78, 124.69, -0.83861, 0.22398, 0.18206, -0.46197
193, 16, 41.949, -5.193, -18.491, 43.76, 1503.48, 1999.94, 113.82, 71.09, -7.41, -0.87500, 0.12097, 0.11457, -0.45455
193, 15, 38.623, -2.157, -23.500, -695.01, -1533.14, 1345.03, -39.80, 26.34, -80.05, -0.87991, 0.17453, 0.10646, -0.42892
193, 15, 38.886, -2.915, -26.621, 46.69, -1505.98, 1058.78, 39.95, -6.07, 44.87, -0.87440, 0.19527, 0.12431, -0.42644
193, 16, 40.319, 2.882, -22.084, -596.62, -440.12, 914.92, 103.56, 1.80, 100.19, -0.87158, 0.18174, 0.06512, -0.45064
193, 15, 39.238, 0.672, -20.363, -173.10, -733.76, 1035.71, 109.30, -72.90, 4.57, -0.88022, 0.16074, 0.07376, -0.44039
193, 15, 37.254, -7.397, -13.253, 517.27, -75.26, 1191.04, 114.77, -89.64, -48.67, -0.89770, 0.07630, 0.10744, -0.42045
193, 16, 36.282, -7.058, -8.430, -38.82, -91.49, 994.81, 95.22, -51.28, -25.54, -0.90375, 0.04048, 0.08667, -0.41723
193, 15, 34.162, -8.585, -2.511, 50.17, 206.85, 817.20, 50.27, -85.54, -82.55, -0.91157, -0.01045, 0.07725, -0.40370
193, 16, 33.891, -13.468, -5.298, 394.53, -258.00, 780.82, 10.41, -87.12, -74.73, -0.90955, -0.00537, 0.12569, -0.39609
193, 16, 35.729, -16.145, -8.656, 282.17, -220.52, 654.17, -0.53, -70.16, -17.47, -0.90092, 0.00919, 0.15844, -0.40393
193, 15, 38.255, -19.900, -11.254, 486.51, -176.03, 706.42, -20.99, -54.20, 20.03, -0.88824, 0.01133, 0.19689, -0.41490
193, 16, 40.338, -20.538, -17.259, 572.51, -846.68, 882.20, -6.31, -9.05, -31.70, -0.87845, 0.05126, 0.22413, -0.41888
193, 15, 41.828, -17.113, -20.127, 345.28, -750.85, 1157.41, 24.04, 50.71, 8.40, -0.87330, 0.08447, 0.21020, -0.43132
193, 15, 39.555, -8.868, -21.421, -509.16, -622.44, 1017.58, 2.88, 77.17, -71.24, -0.88180, 0.13146, 0.15107, -0.42699
193, 16, 38.464, -6.812, -24.482, -95.21, -572.81, 972.23, -55.27, -1.56, -36.07, -0.88137, 0.16444, 0.14534, -0.41836
193, 15, 38.606, -9.056, -26.126, 515.81, -643.07, 1158.81, -38.41, 36.59, 34.74, -0.87917, 0.16821, 0.16849, -0.41277
193, 16, 38.276, -10.208, -23.936, 518.62, -153.20, 1025.15, -39.60, 75.39, 56.59, -0.88359, 0.14737, 0.16886, -0.41114
193, 16, 37.981, -7.582, -24.592, 240.54, -434.39, 1048.71, -51.62, 114.90, 57.06, -0.88322, 0.16296, 0.15090, -0.41304
193, 15, 37.331, -1.835, -26.391, -187.56, -629.88, 1075.74, -41.32, 97.86, 40.22, -0.87974, 0.19917, 0.11256, -0.41680
193, 15, 36.398, 2.514, -27.214, -280.70, -662.23, 1043.40, -19.73, 65.82, 35.66, -0.87776, 0.22204, 0.08046, -0.41686
193, 16, 34.222, 3.013, -27.596, -163.64, -798.16, 1121.77, 16.15, 27.67, -12.60, -0.88425, 0.22818, 0.07369, -0.40076
193, 15, 32.884, 1.124, -25.187, 54.87, -602.17, 1137.33, 48.30, 16.65, 0.21, -0.89518, 0.20397, 0.07759, -0.38863
193, 16, 32.250, 0.199, -20.748, 38.09, -299.44, 1083.68, 58.66, 9.87, 4.20, -0.90517, 0.16640, 0.06886, -0.38503
193, 15, 31.336, -0.712, -19.513, 4.33, -496.03, 1100.71, 56.99, -3.04, 2.21, -0.91046, 0.15413, 0.07069, -0.37725
193, 16, 30.780, -1.015, -20.188, -63.90, -841.74, 1142.82, 82.18, -19.11, -11.45, -0.91151, 0.15885, 0.07454, -0.37197
193, 16, 30.381, -1.805, -20.233, -61.10, -913.88, 1050.54, 127.08, -37.67, -17.30, -0.91311, 0.15690, 0.08042, -0.36762
193, 15, 30.043, -3.436, -18.331, 26.43, -683.17, 1013.06, 161.64, -48.77, -23.22, -0.91722, 0.13666, 0.08690, -0.36397
193, 15, 30.171, -5.107, -16.136, 54.63, -566.28, 904.48, 178.92, -57.73, -20.69, -0.91953, 0.11350, 0.09339, -0.36450
193, 16, 30.319, -8.103, -10.266, 162.35, -220.76, 907.41, 190.54, -61.97, -20.78, -0.92314, 0.05628, 0.09874, -0.36727
193, 15, 29.983, -10.195, -2.574, 199.52, 104.06, 863.71, 162.99, -55.31, -32.78, -0.92473, -0.01236, 0.09076, -0.36943
193, 15, 30.542, -11.095, 2.744, 168.40, 122.31, 827.88, 120.59, -55.73, -24.06, -0.92059, -0.05854, 0.08050, -0.37764
193, 16, 33.286, -10.774, 6.464, 163.57, 228.58, 955.26, 77.31, -54.39, -5.25, -0.90914, -0.08890, 0.06351, -0.40189
193, 16, 36.499, -11.055, 6.622, 198.79, 144.59, 1045.04, 26.09, -57.56, 12.71, -0.89713, -0.09290, 0.06261, -0.42733
193, 16, 39.617, -11.421, 3.817, 233.28, -6.23, 1117.43, -17.43, -47.07, 15.39, -0.88689, -0.07430, 0.07394, -0.44994
193, 15, 42.239, -9.779, -0.886, 68.24, -192.26, 954.90, -40.27, -24.71, 12.76, -0.87986, -0.03324, 0.07886, -0.46746
193, 15, 43.991, -8.649, -4.990, 70.56, -188.78, 971.44, -54.26, -28.02, 7.71, -0.87377, 0.00160, 0.08693, -0.47851
193, 16, 45.174, -8.486, -8.235, 136.84, -163.15, 1082.89, -70.71, -28.92, 4.85, -0.86846, 0.02601, 0.09948, -0.48498
193, 15, 46.328, -9.862, -9.610, 258.61, -28.44, 1104.00, -95.92, -24.88, 24.67, -0.86284, 0.02932, 0.11594, -0.49113
193, 14, 47.963, -10.305, -10.937, 245.91, 53.10, 1041.38, -128.72, -7.82, 56.91, -0.85527, 0.03558, 0.12544, -0.50151
193, 16, 49.826, -10.398, -15.071, 254.46, -161.44, 1127.14, -155.82, 5.55, 62.21, -0.84523, 0.06363, 0.14518, -0.51035
193, 17, 51.403, -9.441, -21.921, 203.61, -568.18, 1117.80, -146.24, 19.39, 55.50, -0.83270, 0.11610, 0.17016, -0.51399
193, 15, 52.459, -7.527, -28.170, 49.07, -920.53, 1154.60, -110.83, 22.12, 52.99, -0.81924, 0.16857, 0.18603, -0.51558
193, 16, 52.298, -6.334, -31.719, -5.55, -988.83, 1170.90, -57.99, 15.56, 25.74, -0.81330, 0.19973, 0.19335, -0.51114
193, 15, 51.011, -6.483, -32.038, 49.68, -875.18, 1203.49, -5.13, 7.12, -1.98, -0.81856, 0.20348, 0.19353, -0.50110
193, 14, 49.165, -7.610, -28.777, 102.91, -558.59, 1072.02, 37.61, 2.72, -25.63, -0.83284, 0.17788, 0.18431, -0.49068
193, 16, 47.147, -8.688, -23.304, 148.32, -200.07, 1041.50, 48.59, 5.14, -33.10, -0.84944, 0.13594, 0.16607, -0.48207
193, 15, 45.504, -9.805, -19.071, 208.68, -147.89, 1066.65, 27.39, -1.26, -33.33, -0.86091, 0.10174, 0.15490, -0.47380
193, 16, 44.523, -9.998, -16.866, 187.07, -252.56, 1053.34, 10.39, 0.30, -21.42, -0.86675, 0.08558, 0.14646, -0.46901
193, 16, 44.254, -9.163, -17.274, 139.47, -354.13, 1061.28, 3.04, -1.59, -15.91, -0.86753, 0.09257, 0.14169, -0.46770
193, 15, 43.712, -8.410, -18.729, 89.60, -479.61, 1060.55, 5.41, -5.23, -29.67, -0.86840, 0.10746, 0.14149, -0.46293
193, 16, 42.873, -7.330, -19.444, 24.78, -470.34, 1059.75, 13.93, -9.58, -36.11, -0.87088, 0.11842, 0.13545, -0.45738
193, 15, 42.036, -6.406, -19.572, -13.31, -492.07, 1157.35, 21.02, -21.67, -36.31, -0.87385, 0.12417, 0.12811, -0.45228
193, 15, 41.859, -5.900, -19.761, -10.56, -522.46, 1136.60, 33.87, -32.68, -17.49, -0.87419, 0.12788, 0.12484, -0.45150
193, 16, 41.576, -4.844, -16.855, -144.59, -236.63, 1305.05, 28.57, -45.90, -15.10, -0.87803, 0.11024, 0.10505, -0.45374
193, 15, 41.023, -4.622, -14.354, -151.00, -114.69, 1328.37, -0.53, -67.83, -30.58, -0.88237, 0.09240, 0.09299, -0.45193
194, 7, 39.918, -12.266, -29.339, 294.92, -528.69, 958.19, -24.15, 15.23, 51.73, -0.87033, 0.17793, 0.20597, -0.41043
194, 27, 40.630, -11.239, -28.291, 215.33, -486.63, 931.76, -16.65, 15.82, 47.49, -0.86913, 0.17286, 0.19567, -0.42005
194, 16, 40.881, -10.446, -27.301, 170.59, -434.39, 917.30, -18.43, 13.24, 44.11, -0.86948, 0.16813, 0.18652, -0.42537
194, 16, 40.975, -9.772, -26.927, 153.75, -460.94, 932.01, -23.35, 8.71, 36.13, -0.86950, 0.16787, 0.18026, -0.42813
194, 15, 41.038, -9.220, -27.699, 134.46, -510.19, 925.78, -25.88, 5.21, 28.18, -0.86793, 0.17586, 0.17914, -0.42859
194, 15, 40.873, -9.152, -27.980, 141.48, -515.14, 941.96, -26.45, 3.17, 25.68, -0.86808, 0.17852, 0.17944, -0.42704
194, 16, 40.943, -9.920, -27.910, 191.41, -487.18, 928.16, -25.40, 4.45, 32.17, -0.86819, 0.17478, 0.18498, -0.42600
194, 15, 41.256, -11.130, -27.895, 273.62, -462.95, 903.75, -23.09, 12.85, 39.42, -0.86739, 0.16924, 0.19433, -0.42571
194, 16, 41.554, -11.649, -28.061, 303.47, -495.97, 918.40, -15.56, 34.45, 45.56, -0.86615, 0.16786, 0.19922, -0.42652
194, 15, 41.753, -11.055, -28.730, 260.68, -603.94, 928.16, -0.24, 51.14, 49.74, -0.86426, 0.17500, 0.19764, -0.42821
194, 16, 42.329, -9.378, -29.718, 233.09, -798.16, 963.13, 24.48, 66.41, 68.53, -0.85992, 0.18836, 0.18997, -0.43471
194, 16, 42.983, -6.362, -29.074, 123.17, -857.36, 1070.13, 63.76, 79.05, 93.75, -0.85687, 0.19493, 0.16642, -0.44731
194, 15, 38.907, -4.593, -19.898, -111.08, 228.45, 1645.87, 59.70, 73.47, -59.66, -0.88496, 0.13717, 0.11200, -0.43068
194, 15, 37.195, -3.217, -24.557, -246.22, -1247.99, 1221.68, -26.87, 9.68, -45.61, -0.88418, 0.18007, 0.11627, -0.41507
194, 16, 38.868, -0.226, -27.352, -228.76, -1276.43, 1006.84, 37.76, 28.11, 100.47, -0.87102, 0.21104, 0.10659, -0.43061
194, 15, 39.923, 3.945, -23.593, -421.08, -574.52, 993.23, 94.41, 8.97, 88.43, -0.86956, 0.19749, 0.06226, -0.44831
194, 15, 38.370, -0.260, -20.401, 32.10, -602.91, 1124.63, 100.85, -51.77, -21.78, -0.88412, 0.15808, 0.07987, -0.43239
194, 16, 38.162, -4.091, -15.205, 190.86, -305.30, 1160.10, 110.15, -41.82, 4.85, -0.89254, 0.10336, 0.08972, -0.42970
194, 16, 37.561, -4.139, -9.413, -68.60, 16.54, 1084.29, 85.27, -49.33, -20.73, -0.89888, 0.05830, 0.06797, -0.42894
194, 16, 35.811, -3.856, -6.153, -131.10, -16.72, 965.39, 53.29, -77.11, -74.62, -0.90667, 0.03459, 0.05300, -0.41706
194, 14, 35.313, -4.561, -7.174, -59.75, -213.68, 869.81, 31.89, -94.27, -48.66, -0.90808, 0.04036, 0.06211, -0.41219
194, 15, 35.355, -4.820, -7.537, -99.79, -108.03, 679.14, 10.99, -117.37, -32.52, -0.90778, 0.04226, 0.06547, -0.41214
194, 16, 35.515, -12.465, -11.315, 354.13, -346.25, 670.23, -6.90, -149.46, -54.06, -0.90351, 0.04399, 0.13907, -0.40298
194, 15, 36.548, -20.358, -14.966, 930.54, -610.78, 777.53, 10.36, -110.01, -52.76, -0.89298, 0.04148, 0.21310, -0.39428
194, 15, 38.918, -23.703, -16.666, 847.72, -378.85, 893.37, 21.93, -28.61, 14.56, -0.88088, 0.03687, 0.24506, -0.40327
194, 16, 40.697, -22.009, -15.273, 607.36, -132.93, 972.11, 15.19, 47.61, 31.69, -0.87656, 0.02935, 0.22792, -0.42289
194, 16, 38.544, -11.728, -11.325, -459.96, 253.66, 1997.99, 0.60, 127.88, -40.20, -0.89287, 0.04325, 0.13454, -0.42757
194, 16, 36.697, -5.945, -16.894, -309.39, -735.23, 1049.01, -53.86, 47.73, -97.42, -0.89670, 0.11080, 0.10896, -0.41446
194, 16, 38.980, -3.386, -22.226, 144.23, -724.79, 1052.19, -59.94, 66.43, 88.01, -0.88114, 0.15970, 0.11160, -0.43085
194, 15, 40.396, -2.222, -20.782, 235.47, -152.34, 1075.68, -57.13, 86.56, 103.00, -0.87706, 0.15185, 0.09913, -0.44484
194, 16, 40.723, -1.219, -19.831, 182.80, -148.62, 1070.74, -72.27, 89.11, 64.34, -0.87644, 0.14826, 0.08819, -0.44956
194, 15, 40.681, 1.154, -24.164, 27.53, -713.75, 1069.15, -66.67, 91.14, 55.56, -0.86839, 0.19060, 0.08705, -0.44944
194, 15, 40.602, 4.222, -27.084, -119.08, -769.78, 1039.37, -40.73, 86.24, 77.99, -0.86015, 0.22449, 0.07511, -0.45177
194, 16, 38.077, 6.168, -27.401, -269.04, -799.99, 1110.53, -0.21, 53.73, 27.36, -0.86684, 0.23554, 0.05644, -0.43580
194, 16, 36.182, 6.260, -24.642, -219.36, -592.10, 1143.25, 29.18, 17.84, 16.81, -0.87925, 0.21565, 0.04167, -0.42269
194, 15, 35.470, 4.722, -21.050, -79.71, -401.00, 1071.78, 41.83, -5.40, 25.31, -0.88979, 0.18278, 0.03926, -0.41632
194, 15, 34.489, 2.915, -18.603, -71.11, -394.10, 1054.32, 41.49, -21.14, 7.03, -0.89855, 0.15771, 0.04319, -0.40728
194, 15, 33.119, -0.006, -19.067, 79.22, -718.14, 1190.25, 57.55, -30.01, -28.21, -0.90467, 0.15191, 0.06598, -0.39260
194, 15, 31.916, -1.570, -19.644, 14.95, -860.60, 1129.70, 94.12, -28.30, -37.41, -0.90879, 0.15193, 0.07869, -0.38057
194, 16, 30.897, -1.706, -18.407, -136.29, -683.17, 1041.02, 134.35, -42.99, -44.02, -0.91379, 0.14232, 0.07440, -0.37310
194, 15, 29.629, -3.948, -16.556, 42.48, -568.30, 965.52, 155.31, -57.54, -64.25, -0.92065, 0.12107, 0.08490, -0.36130
194, 16, 28.927, -7.135, -13.492, 207.15, -385.68, 972.23, 163.30, -56.10, -75.43, -0.92571, 0.08668, 0.10025, -0.35425
194, 16, 28.979, -8.773, -8.265, 182.62, -128.54, 942.50, 157.43, -54.15, -63.07, -0.92799, 0.03908, 0.09724, -0.35756
194, 15, 29.496, -10.036, -2.374, 243.04, 85.27, 1020.87, 137.95, -51.54, -43.43, -0.92638, -0.01308, 0.08890, -0.36573
194, 16, 31.092, -10.458, 1.504, 211.61, 105.04, 1051.15, 104.03, -57.49, -24.96, -0.91986, -0.04688, 0.07924, -0.38129
194, 15, 33.566, -11.425, 2.399, 247.01, 16.72, 953.37, 72.70, -51.04, -7.23, -0.91020, -0.05905, 0.08277, -0.40150
194, 15, 36.304, -11.248, 1.511, 167.18, -58.47, 950.07, 48.38, -50.25, 9.86, -0.90094, -0.05338, 0.08322, -0.42254
194, 16, 39.259, -12.692, 0.538, 292.54, -36.07, 1001.04, 28.36, -47.63, 29.14, -0.88898, -0.05354, 0.09681, -0.44438
194, 15, 41.996, -14.047, -0.663, 388.98, -23.62, 1183.59, 2.46, -34.68, 32.43, -0.87747, -0.05213, 0.11075, -0.46375
194, 15, 45.571, -12.188, -3.232, 202.03, -86.30, 1103.64, -25.40, -12.86, 37.57, -0.86499, -0.02819, 0.10608, -0.48965
194, 17, 48.134, -9.581, -5.728, 53.77, -72.69, 883.30, -55.53, -8.65, 41.37, -0.85555, -0.00023, 0.09714, -0.50853
194, 15, 50.057, -7.954, -8.188, 73.79, -107.79, 1130.98, -76.53, -16.01, 40.39, -0.84712, 0.02386, 0.09638, -0.52204
194, 16, 51.692, -6.304, -10.706, 37.17, -130.68, 1131.04, -95.50, -11.00, 48.16, -0.83891, 0.04873, 0.09643, -0.53343
194, 15, 52.918, -5.331, -12.917, 44.68, -122.38, 1036.99, -115.75, -8.74, 50.80, -0.83192, 0.06844, 0.10038, -0.54143
194, 15, 53.764, -6.281, -16.618, 162.29, -274.23, 1148.56, -127.88, -4.50, 42.87, -0.82560, 0.08979, 0.12529, -0.54279
194, 16, 54.067, -6.617, -22.071, 171.45, -593.02, 1167.66, -117.03, 8.70, 22.10, -0.81915, 0.12693, 0.15368, -0.53783
194, 15, 53.619, -6.235, -26.853, 83.19, -805.11, 1230.10, -88.94, 18.78, 13.34, -0.81494, 0.16352, 0.17268, -0.52851
194, 16, 52.240, -5.900, -29.155, 25.21, -850.16, 1222.05, -39.20, 18.17, -14.76, -0.81747, 0.18362, 0.17873, -0.51583
194, 16, 50.263, -6.056, -28.986, 26.86, -729.37, 1149.11, 8.04, 6.81, -34.48, -0.82664, 0.18474, 0.17591, -0.50158
194, 15, 48.354, -7.760, -25.675, 143.13, -481.93, 1103.15, 42.44, -3.89, -40.98, -0.84091, 0.15580, 0.17094, -0.48926
194, 14, 46.589, -9.812, -20.755, 243.59, -180.60, 1053.53, 49.16, -8.19, -40.39, -0.85482, 0.11282, 0.16298, -0.47958
194, 16, 45.254, -11.795, -16.186, 360.11, -22.83, 1084.59, 29.68, -4.81, -29.86, -0.86403, 0.07172, 0.15753, -0.47275
194, 15, 44.701, -12.204, -13.568, 302.06, -105.10, 1081.79, 11.08, 1.55, -22.22, -0.86761, 0.05090, 0.14949, -0.47150
194, 15, 44.955, -10.076, -14.792, 108.22, -365.36, 1083.44, 6.28, 2.33, -21.17, -0.86636, 0.06902, 0.13879, -0.47475
194, 16, 44.872, -7.264, -16.000, -42.42, -417.42, 1072.63, 12.54, -4.32, -25.92, -0.86586, 0.09034, 0.12274, -0.47651
194, 16, 44.623, -4.112, -16.654, -262.88, -461.24, 1142.64, 19.03, -19.78, -24.40, -0.86560, 0.10900, 0.10161, -0.47804
194, 16, 44.680, -2.345, -14.477, -324.58, -229.37, 1417.36, 24.12, -54.80, -10.04, -0.86671, 0.10001, 0.07924, -0.48222
194, 15, 44.621, -2.687, -11.660, -190.19, -47.49, 1424.56, 6.73, -82.44, -17.18, -0.86924, 0.07725, 0.06992, -0.48329
194, 15, 44.384, -5.448, -9.532, 71.59, 51.33, 1285.89, -28.62, -95.28, -25.89, -0.87175, 0.04949, 0.08174, -0.48054
195, 8, 34.453, -9.479, -30.460, 182.25, -602.66, 948.67, -14.88, 5.84, 33.55, -0.88645, 0.20634, 0.17977, -0.37324
195, 27, 34.654, -10.724, -30.379, 195.92, -604.49, 938.72, -1.70, -3.27, 24.01, -0.88627, 0.20088, 0.18929, -0.37195
195, 15, 34.622, -10.781, -29.794, 175.48, -565.31, 932.07, 2.24, -6.20, 19.68, -0.88740, 0.19620, 0.18776, -0.37253
195, 14, 34.506, -10.611, -28.999, 166.93, -548.58, 947.02, 3.05, -7.00, 16.23, -0.88908, 0.19084, 0.18369, -0.37332
195, 16, 34.451, -10.215, -28.275, 153.81, -521.00, 934.45, 1.15, -6.13, 17.88, -0.89038, 0.18674, 0.17823, -0.37493
195, 15, 34.395, -9.525, -27.264, 131.77, -474.06, 926.64, -4.43, -3.60, 20.46, -0.89206, 0.18146, 0.16955, -0.37756
195, 15, 34.530, -8.580, -26.484, 115.78, -447.63, 928.77, -13.24, -2.01, 24.72, -0.89264, 0.17860, 0.15994, -0.38173
195, 17, 34.865, -7.505, -26.650, 95.58, -473.51, 928.89, -20.26, -0.21, 32.60, -0.89095, 0.18332, 0.15278, -0.38633
195, 15, 35.506, -7.158, -27.755, 111.76, -530.88, 913.88, -20.98, 2.24, 43.43, -0.88684, 0.19228, 0.15493, -0.39055
195, 16, 36.526, -8.015, -28.626, 221.62, -571.78, 914.06, -15.01, 10.19, 60.91, -0.88221, 0.19442, 0.16615, -0.39535
195, 15, 37.733, -8.464, -29.075, 267.94, -591.31, 914.73, -2.06, 28.78, 78.40, -0.87742, 0.19439, 0.17315, -0.40296
195, 15, 38.960, -7.722, -29.634, 232.73, -660.52, 889.47, 17.81, 49.80, 89.70, -0.87176, 0.19966, 0.17169, -0.41314
195, 15, 40.140, -4.858, -29.928, 83.19, -804.69, 909.42, 50.18, 67.78, 102.10, -0.86521, 0.21136, 0.15349, -0.42800
195, 15, 41.061, -0.742, -28.316, -135.07, -939.82, 941.10, 121.10, 70.24, 104.64, -0.86132, 0.21420, 0.11825, -0.44527
195, 15, 35.883, 0.430, -13.929, -648.93, 1999.94, 1999.94, 96.91, 47.13, -111.38, -0.90058, 0.11160, 0.04756, -0.41742
195, 17, 32.855, 3.437, -19.865, -710.94, -1440.98, 1102.54, -12.33, 13.92, -73.32, -0.90204, 0.17001, 0.04115, -0.39463
195, 16, 33.808, 5.005, -21.952, -314.09, -950.07, 1009.89, 41.64, -8.74, 72.95, -0.89398, 0.19134, 0.03755, -0.40345
195, 14, 32.916, 5.665, -20.521, -344.67, -705.14, 1079.90, 94.93, -28.37, 7.85, -0.89877, 0.18261, 0.02589, -0.39774
195, 16, 31.027, 0.744, -17.265, 1.34, -457.76, 1124.69, 99.82, -82.17, -56.60, -0.91359, 0.14120, 0.05130, -0.37786
195, 15, 31.120, -1.640, -11.426, 47.73, -84.29, 1091.43, 102.61, -54.32, -1.43, -0.92001, 0.08655, 0.05119, -0.37879
195, 16, 29.546, -1.595, -9.578, -167.97, -281.13, 1070.25, 96.26, -75.80, -75.81, -0.92640, 0.07245, 0.04372, -0.36690
195, 15, 27.797, -4.924, -9.033, 70.19, -274.48, 992.92, 84.94, -97.82, -96.55, -0.93227, 0.05834, 0.06797, -0.35049
195, 15, 28.470, -5.133, -7.556, -11.96, -119.26, 897.83, 73.86, -96.70, -53.79, -0.93084, 0.04529, 0.06541, -0.35667
195, 17, 29.000, -4.869, -5.872, -105.53, 2.20, 724.49, 38.21, -126.44, -51.65, -0.92979, 0.03217, 0.05817, -0.36204
195, 15, 29.600, -12.326, -8.458, 550.96, -298.22, 768.13, 22.20, -126.61, -65.44, -0.92418, 0.02854, 0.12659, -0.35925
195, 15, 32.109, -17.596, -11.558, 919.07, -475.77, 847.23, 29.53, -53.12, -13.66, -0.91136, 0.03228, 0.17893, -0.36927
195, 16, 34.834, -18.891, -11.308, 652.65, -67.57, 866.64, 18.62, 17.84, 39.00, -0.90121, 0.02131, 0.18884, -0.38950
195, 15, 35.730, -11.849, -8.707, 17.09, 320.43, 1999.94, -8.38, 76.50, 24.77, -0.90386, 0.02545, 0.12508, -0.40835
195, 15, 34.789, -6.176, -13.850, -125.18, -518.55, 985.41, -51.77, 63.92, -74.88, -0.90615, 0.08773, 0.09827, -0.40192
195, 16, 35.406, -2.866, -19.556, -2.32, -555.24, 1018.37, -86.96, 56.11, 14.17, -0.89749, 0.14411, 0.09309, -0.40629
195, 15, 37.604, -0.685, -20.437, 162.29, -252.99, 1142.82, -88.52, 85.40, 99.96, -0.88721, 0.15729, 0.08224, -0.42585
195, 17, 38.905, 1.190, -20.685, 109.13, -197.08, 1052.73, -95.55, 90.95, 86.89, -0.88064, 0.16540, 0.07054, -0.43833
195, 15, 39.524, 3.540, -24.874, 3.72, -586.06, 1051.15, -95.52, 90.50, 80.28, -0.86929, 0.20591, 0.06964, -0.44393
195, 15, 39.442, 5.200, -28.875, -19.53, -851.68, 1058.65, -72.14, 85.70, 77.77, -0.85980, 0.24235, 0.07233, -0.44360
195, 15, 38.373, 5.949, -30.965, -31.25, -938.54, 1093.14, -26.76, 81.14, 55.02, -0.85828, 0.26142, 0.07231, -0.43564
195, 15, 37.012, 7.343, -28.339, -222.53, -642.58, 1157.04, 20.34, 52.90, 25.97, -0.86729, 0.24730, 0.04872, -0.42928
195, 15, 36.670, 9.093, -24.314, -317.50, -390.32, 1122.74, 33.33, 26.14, 26.05, -0.87438, 0.22293, 0.01941, -0.43056
195, 16, 35.590, 7.806, -22.654, -180.60, -552.43, 1109.92, 47.90, -4.30, 3.21, -0.88320, 0.20592, 0.02123, -0.42085
195, 15, 33.325, 4.302, -21.726, 6.77, -789.37, 1181.52, 77.15, -13.71, -24.52, -0.89674, 0.18736, 0.04150, -0.39879
195, 16, 31.360, 3.029, -20.625, -125.49, -739.93, 1091.49, 112.34, -18.85, -38.63, -0.90629, 0.17522, 0.04471, -0.38201
195, 16, 29.763, 2.865, -17.525, -183.59, -513.00, 1067.81, 139.74, -33.97, -42.00, -0.91607, 0.15059, 0.03356, -0.37016
195, 15, 28.278, 0.910, -14.850, -63.23, -533.08, 1082.40, 166.63, -53.09, -57.24, -0.92511, 0.12344, 0.03904, -0.35694
195, 15, 27.636, -1.485, -12.811, 46.94, -590.58, 994.20, 193.18, -60.53, -46.89, -0.92993, 0.09978, 0.05150, -0.35018
195, 16, 27.482, -2.735, -9.659, 5.86, -357.24, 822.69, 210.93, -63.00, -44.37, -0.93293, 0.07038, 0.05192, -0.34928
195, 15, 27.428, -3.327, -0.815, -2.93, 143.31, 862.00, 201.80, -63.00, -40.46, -0.93563, -0.00357, 0.02967, -0.35172
195, 16, 27.716, -5.070, 7.622, 138.31, 478.82, 1021.12, 158.67, -70.65, -35.59, -0.93106, -0.07774, 0.01773, -0.35604
195, 15, 30.615, -6.313, 12.596, 167.42, 384.28, 985.41, 101.11, -62.83, -18.01, -0.91655, -0.12209, 0.00927, -0.38070
195, 16, 34.180, -6.060, 12.292, 54.38, 179.99, 1006.53, 35.17, -57.94, 7.00, -0.90479, -0.11904, 0.00455, -0.40885
195, 16, 37.645, -7.301, 10.412, 141.54, 125.06, 1070.37, 1.71, -68.79, 21.80, -0.89286, -0.10910, 0.01783, -0.43655
195, 15, 40.772, -9.012, 6.642, 246.58, -15.81, 1199.46, -29.55, -61.45, 20.85, -0.88241, -0.08728, 0.04323, -0.46029
195, 15, 43.715, -9.424, 2.215, 177.43, -82.28, 1142.70, -54.95, -47.46, 25.88, -0.87277, -0.05640, 0.06274, -0.48078
195, 16, 46.331, -10.045, -1.851, 189.33, -74.04, 1006.47, -71.32, -41.64, 30.37, -0.86273, -0.02993, 0.08382, -0.49777
195, 15, 48.487, -9.414, -5.499, 135.19, -106.14, 1273.62, -86.55, -38.48, 32.10, -0.85404, -0.00147, 0.09488, -0.51148
195, 15, 50.602, -8.552, -9.013, 96.62, -136.23, 1097.60, -95.90, -30.37, 47.49, -0.84434, 0.02669, 0.10465, -0.52481
195, 16, 52.869, -7.565, -12.623, 89.11, -163.09, 1001.89, -104.74, -26.63, 49.38, -0.83259, 0.05562, 0.11506, -0.53895
195, 16, 54.191, -8.407, -17.269, 202.15, -431.21, 1244.51, -101.41, -31.22, 25.44, -0.82363, 0.08362, 0.14380, -0.54218
195, 16, 55.302, -8.802, -21.347, 245.42, -641.48, 1249.69, -62.50, -8.32, 25.92, -0.81505, 0.10932, 0.16684, -0.54398
195, 15, 55.810, -8.302, -23.882, 161.74, -687.32, 1244.20, -27.24, 1.25, 16.00, -0.80977, 0.12902, 0.17594, -0.54467
195, 15, 55.639, -7.241, -22.985, 83.50, -464.11, 1160.71, 2.56, 0.22, 10.35, -0.81103, 0.12819, 0.16412, -0.54668
195, 16, 55.311, -6.582, -20.073, 55.05, -299.19, 1227.84, 19.10, -4.78, 7.72, -0.81531, 0.11123, 0.14524, -0.54936
195, 15, 54.825, -6.544, -17.128, 90.39, -254.76, 1231.75, 24.75, -8.67, -1.27, -0.82022, 0.09098, 0.13043, -0.54949
195, 14, 54.257, -4.701, -13.884, -122.92, -109.62, 1362.30, 20.40, -9.97, -7.13, -0.82476, 0.07730, 0.10132, -0.55093
195, 16, 53.157, -2.115, -11.118, -348.14, -21.48, 1341.55, 2.16, -30.75, -31.16, -0.83101, 0.07065, 0.06875, -0.54745
195, 16, 51.185, -0.951, -9.799, -346.25, -35.89, 1259.77, -22.48, -63.67, -70.14, -0.84073, 0.06760, 0.05286, -0.53461
195, 15, 48.772, -2.245, -9.589, -98.45, -100.71, 1169.25, -39.22, -83.92, -93.12, -0.85228, 0.06128, 0.06008, -0.51599
195, 16, 46.596, -6.894, -10.419, 236.51, -138.98, 1120.67, -49.18, -83.00, -101.35, -0.86191, 0.04821, 0.09734, -0.49529
195, 15, 44.766, -11.669, -11.958, 444.95, -185.00, 1073.49, -56.88, -68.28, -106.06, -0.86816, 0.04094, 0.13887, -0.47471
195, 16, 43.416, -15.007, -13.948, 538.70, -238.53, 1009.70, -58.37, -30.86, -99.63, -0.87155, 0.04362, 0.17143, -0.45729
195, 16, 42.601, -16.924, -16.449, 587.40, -326.17, 972.35, -53.10, 0.83, -87.50, -0.87269, 0.05588, 0.19522, -0.44405
195, 15, 42.207, -17.517, -18.235, 603.76, -301.15, 974.67, -48.97, 33.18, -59.99, -0.87293, 0.06768, 0.20627, -0.43688
196, 8, 34.989, -2.814, -24.667, 15.26, -531.01, 1010.56, -32.03, 24.11, 58.17, -0.89160, 0.18456, 0.11004, -0.39859
196, 27, 35.045, 0.244, -25.787, -67.44, -555.36, 1008.79, -25.21, 21.14, 48.19, -0.88736, 0.20403, 0.09037, -0.40347
196, 15, 34.463, 1.672, -25.853, -115.48, -553.34, 999.69, -22.11, 15.54, 37.03, -0.88805, 0.20994, 0.07846, -0.40141
196, 16, 33.507, 2.353, -25.777, -116.52, -551.03, 992.37, -19.69, 7.97, 26.48, -0.89089, 0.21230, 0.07114, -0.39521
196, 15, 32.250, 2.370, -25.741, -108.83, -554.20, 993.96, -16.59, 1.59, 12.63, -0.89522, 0.21284, 0.06855, -0.38547
196, 15, 30.874, 1.800, -26.117, -90.58, -577.21, 991.94, -13.05, -4.65, -1.56, -0.89958, 0.21478, 0.07171, -0.37347
196, 15, 29.023, 0.589, -26.335, -66.04, -604.13, 979.13, -7.78, -9.50, -9.86, -0.90607, 0.21390, 0.07850, -0.35655
196, 16, 27.516, -0.394, -26.413, -44.25, -589.17, 973.69, -2.49, -12.06, -10.15, -0.91123, 0.21259, 0.08373, -0.34272
196, 16, 26.101, -1.569, -26.249, -8.67, -557.07, 959.47, 0.73, -12.28, -12.80, -0.91641, 0.20887, 0.09000, -0.32935
196, 15, 24.885, -2.323, -26.121, 5.25, -538.70, 954.10, 1.85, -9.98, -11.51, -0.92048, 0.20664, 0.09346, -0.31826
196, 15, 23.946, -2.766, -26.289, 16.24, -532.53, 931.95, 2.47, -6.86, -8.00, -0.92295, 0.20751, 0.09578, -0.30971
196, 15, 23.449, -3.744, -26.520, 76.72, -536.25, 927.86, 3.09, -0.29, 4.71, -0.92427, 0.20708, 0.10334, -0.30359
196, 15, 23.198, -4.249, -26.892, 97.90, -544.74, 912.84, 5.77, 11.76, 15.50, -0.92443, 0.20892, 0.10792, -0.30021
196, 15, 23.175, -4.629, -27.440, 135.56, -581.60, 903.32, 10.72, 22.19, 25.86, -0.92362, 0.21231, 0.11236, -0.29871
196, 16, 23.420, -3.542, -28.189, 88.56, -676.76, 909.73, 28.40, 37.51, 40.70, -0.92115, 0.22111, 0.10608, -0.30224
196, 16, 24.263, -1.183, -27.972, 5.19, -766.17, 928.65, 68.60, 47.71, 74.67, -0.91808, 0.22519, 0.08828, -0.31405
196, 16, 23.720, 1.921, -22.084, -189.94, -321.23, 1163.82, 90.55, 50.19, 24.14, -0.92818, 0.18662, 0.04601, -0.31865
196, 15, 19.671, 4.433, -20.361, -430.36, -347.84, 1270.51, 4.08, 27.57, -120.82, -0.93989, 0.18010, 0.01440, -0.28975
196, 15, 19.400, 5.726, -26.147, -395.14, -1464.72, 1052.43, -18.68, -6.31, 15.27, -0.92909, 0.23040, 0.01792, -0.28876
196, 16, 20.352, 6.638, -27.259, -262.63, -1139.04, 1141.42, 50.72, -9.25, 69.16, -0.92343, 0.24140, 0.01530, -0.29793
196, 15, 18.674, 4.490, -25.243, -99.55, -765.63, 1069.15, 110.22, -22.80, -32.19, -0.93380, 0.22032, 0.02435, -0.28086
196, 15, 18.124, 1.784, -20.517, 66.96, -431.34, 1077.45, 121.04, -16.22, -13.40, -0.94520, 0.17542, 0.03424, -0.27324
196, 16, 18.284, 1.807, -14.918, -37.78, -240.42, 1252.50, 117.53, -6.36, -16.40, -0.95224, 0.12907, 0.02085, -0.27594
196, 16, 17.710, 3.252, -11.574, -223.08, -211.00, 1190.00, 109.40, -29.99, -59.51, -0.95636, 0.10467, 0.00020, -0.27279
196, 15, 17.817, 5.437, -9.211, -403.44, -123.17, 979.25, 87.61, -69.08, -47.28, -0.95695, 0.09005, -0.02364, -0.27490
196, 16, 18.027, 6.988, -6.816, -467.53, 14.77, 821.72, 59.91, -118.10, -54.38, -0.95720, 0.07374, -0.04223, -0.27668
196, 15, 17.709, 0.962, -8.703, 72.02, -234.01, 797.24, 43.75, -148.18, -69.61, -0.95945, 0.07530, 0.01254, -0.27134
196, 15, 18.731, -7.274, -11.702, 580.57, -458.31, 761.54, 48.52, -118.92, -36.86, -0.95486, 0.07999, 0.08907, -0.27186
196, 16, 21.113, -13.670, -12.334, 698.55, -235.72, 756.90, 54.63, -63.27, 12.59, -0.94552, 0.06626, 0.14487, -0.28393
196, 15, 23.309, -16.848, -11.851, 648.13, -104.86, 827.33, 43.87, -7.42, 22.67, -0.93759, 0.05045, 0.17063, -0.29876
196, 16, 26.844, -15.068, -12.355, 499.94, -122.01, 916.75, 24.15, 49.13, 26.74, -0.92916, 0.05477, 0.15929, -0.32907
196, 16, 28.270, -7.798, -11.467, 63.05, -31.49, 1216.80, 1.10, 97.89, 12.08, -0.92898, 0.06874, 0.09892, -0.34997
196, 15, 28.237, 0.992, -11.175, -567.38, 23.38, 1364.50, -30.12, 88.72, -27.44, -0.92869, 0.09398, 0.02688, -0.35774
196, 16, 28.980, 6.929, -14.656, -371.70, -234.99, 877.87, -74.78, 43.18, 5.29, -0.91902, 0.14041, -0.00937, -0.36825
196, 15, 31.395, 7.812, -17.176, -40.10, -232.06, 973.75, -97.97, 49.33, 75.66, -0.90685, 0.16343, -0.00494, -0.38845
196, 15, 32.695, 5.914, -19.196, 260.80, -258.97, 1106.93, -104.65, 59.34, 59.17, -0.90134, 0.17307, 0.01899, -0.39657
196, 16, 32.483, 5.981, -22.658, 121.46, -530.58, 1196.29, -89.05, 88.78, 33.18, -0.89637, 0.20049, 0.03006, -0.39424
196, 15, 31.622, 7.904, -26.242, -95.34, -766.42, 1208.50, -60.84, 92.98, 32.79, -0.89020, 0.23482, 0.02552, -0.38955
196, 15, 28.855, 9.115, -28.430, -178.77, -933.72, 1133.00, -17.78, 85.88, 18.28, -0.89304, 0.25604, 0.01728, -0.36963
196, 17, 26.201, 11.338, -26.513, -343.20, -669.86, 1163.33, 25.93, 66.52, 4.09, -0.90243, 0.24731, -0.01231, -0.35257
196, 15, 24.591, 11.911, -22.771, -269.04, -437.62, 1126.04, 46.97, 39.99, -3.52, -0.91409, 0.21887, -0.03150, -0.33992
196, 16, 23.565, 11.127, -19.108, -193.24, -362.67, 1156.56, 57.75, 18.41, -8.27, -0.92461, 0.18712, -0.03765, -0.32964
196, 15, 22.589, 9.259, -17.952, -115.11, -517.82, 1192.38, 71.59, 1.66, -9.99, -0.93137, 0.17263, -0.02718, -0.31938
196, 15, 21.598, 8.245, -18.113, -151.55, -724.49, 1143.80, 100.14, -10.18, -16.65, -0.93492, 0.17115, -0.01990, -0.31023
196, 16, 20.826, 7.484, -17.693, -175.66, -726.75, 1074.10, 132.17, -22.11, -18.38, -0.93834, 0.16569, -0.01590, -0.30300
196, 15, 20.269, 6.725, -16.137, -158.81, -567.75, 979.98, 156.68, -31.61, -23.13, -0.94262, 0.15098, -0.01448, -0.29742
196, 15, 21.116, 5.531, -12.006, -88.62, -304.99, 1019.04, 174.03, -37.16, -22.10, -0.94609, 0.11404, -0.01443, -0.30283
196, 17, 22.555, 5.037, -5.478, -89.23, -19.47, 927.37, 169.84, -41.89, -17.18, -0.94744, 0.05905, -0.02681, -0.31330
196, 15, 24.464, 3.873, 0.448, -38.76, 114.62, 1009.03, 147.00, -48.36, -10.21, -0.94426, 0.00739, -0.03321, -0.32743
196, 15, 26.971, 2.885, 4.563, -39.37, 137.70, 1061.46, 117.32, -52.35, 3.97, -0.93668, -0.02855, -0.03744, -0.34701
196, 16, 29.302, 2.578, 5.288, -95.95, -12.63, 1042.24, 94.47, -59.26, 12.24, -0.92925, -0.03464, -0.03784, -0.36588
196, 15, 31.214, 1.125, 4.005, -22.28, -165.28, 996.40, 80.50, -67.50, 14.31, -0.92336, -0.02853, -0.02244, -0.38223
196, 15, 33.392, -1.830, 4.142, 129.33, -35.52, 1082.15, 73.47, -64.63, 23.09, -0.91545, -0.03950, 0.00016, -0.40050
196, 15, 35.565, -4.983, 5.810, 260.31, 146.55, 1132.08, 54.55, -46.07, 26.65, -0.90569, -0.06413, 0.01831, -0.41866
196, 15, 39.427, -5.825, 5.918, 217.59, 161.87, 1229.31, 18.14, -27.08, 29.43, -0.89053, -0.06882, 0.02227, -0.44914
196, 17, 42.302, -3.218, 5.119, -85.57, 160.28, 1062.62, -28.58, -13.66, 28.97, -0.88071, -0.05258, 0.00376, -0.47071
196, 15, 44.201, -1.124, 4.083, -133.67, 194.03, 1049.93, -63.48, -24.53, 17.14, -0.87385, -0.03591, -0.00870, -0.48479
196, 15, 45.728, -1.062, 1.331, 7.69, 98.69, 1198.67, -92.94, -24.37, 11.23, -0.86793, -0.01468, 0.00228, -0.49647
196, 16, 46.761, -0.622, -2.033, -27.71, 31.86, 1191.16, -114.43, -21.86, 7.18, -0.86347, 0.01258, 0.01363, -0.50406
196, 15, 47.164, -2.788, -7.614, 162.41, -204.35, 1017.46, -122.72, -23.12, -6.03, -0.86045, 0.04489, 0.05459, -0.50461
196, 15, 47.440, -3.795, -13.754, 142.03, -497.50, 1168.82, -104.23, -15.59, -9.07, -0.85593, 0.08625, 0.08924, -0.50198
196, 16, 47.555, -4.266, -18.711, 135.44, -678.59, 1200.07, -62.88, -3.89, -7.78, -0.85111, 0.12098, 0.11447, -0.49787
196, 15, 47.359, -4.480, -21.102, 118.35, -621.22, 1249.21, -18.39, 5.34, -3.79, -0.84936, 0.13798, 0.12616, -0.49359
196, 17, 47.024, -4.551, -19.283, 125.43, -372.86, 1248.23, 12.63, 14.56, 3.73, -0.85292, 0.12451, 0.11847, -0.49294
196, 15, 46.658, -4.412, -15.050, 154.66, -34.00, 1196.53, 23.28, 26.84, 6.82, -0.85848, 0.09385, 0.09886, -0.49440
196, 15, 46.653, -3.385, -10.959, 90.03, 95.46, 1317.20, 13.35, 28.69, 11.41, -0.86114, 0.06767, 0.07345, -0.49846
196, 15, 47.029, -0.973, -8.052, -115.30, 90.52, 1339.11, -0.61, 19.33, 14.37, -0.86053, 0.05625, 0.04285, -0.50447
196, 15, 46.979, 0.666, -6.588, -177.92, 15.87, 1381.29, -14.99, -8.78, -5.46, -0.86100, 0.05250, 0.02406, -0.50532
196, 15, 46.398, 0.490, -6.348, -103.03, -60.30, 1315.98, -28.22, -42.40, -27.62, -0.86371, 0.05005, 0.02407, -0.50092
196, 16, 45.701, -2.169, -7.243, 50.11, -122.01, 1214.11, -34.92, -67.20, -40.72, -0.86690, 0.04546, 0.04774, -0.49411
196, 15, 44.872, -7.048, -8.556, 257.08, -154.24, 1121.52, -35.77, -81.65, -50.35, -0.86994, 0.03488, 0.08991, -0.48364
196, 16, 44.577, -12.049, -9.802, 431.21, -158.39, 1025.45, -35.01, -80.10, -48.79, -0.86940, 0.02318, 0.13273, -0.47539
197, 9, 56.515, -12.839, -23.350, 343.57, -410.71, 977.29, -9.03, 5.27, -19.96, -0.80866, 0.10135, 0.20531, -0.54188
197, 26, 54.733, -15.866, -24.689, 366.15, -478.70, 941.77, -13.09, 15.37, -25.98, -0.81621, 0.09907, 0.23064, -0.52038
197, 16, 54.035, -16.116, -25.456, 326.17, -488.65, 961.24, -11.08, 15.38, -21.68, -0.81869, 0.10473, 0.23519, -0.51328
197, 15, 53.316, -15.881, -25.051, 294.80, -431.34, 964.90, -10.29, 9.09, -14.45, -0.82225, 0.10445, 0.23111, -0.50949
197, 15, 52.927, -15.968, -23.890, 310.18, -360.78, 970.03, -13.38, 0.85, -1.40, -0.82500, 0.09645, 0.22622, -0.50882
197, 17, 53.359, -17.240, -24.007, 405.27, -356.26, 931.58, -22.79, -2.79, 15.77, -0.82294, 0.09022, 0.23587, -0.50892
197, 15, 54.419, -18.403, -25.001, 468.51, -380.68, 895.69, -28.81, 5.38, 34.16, -0.81735, 0.08936, 0.24908, -0.51178
197, 15, 55.827, -18.431, -26.301, 441.10, -417.24, 909.61, -31.38, 17.36, 50.69, -0.80997, 0.09534, 0.25624, -0.51885
197, 16, 57.270, -17.182, -27.825, 347.84, -449.28, 886.11, -31.25, 23.37, 56.90, -0.80190, 0.10919, 0.25617, -0.52859
197, 15, 58.541, -15.399, -29.251, 275.94, -496.40, 893.62, -27.01, 21.45, 58.07, -0.79403, 0.12549, 0.25233, -0.53860
197, 15, 59.564, -14.632, -30.324, 272.09, -532.53, 889.28, -17.23, 17.37, 54.46, -0.78764, 0.13462, 0.25354, -0.54518
197, 16, 60.513, -14.588, -30.890, 283.33, -526.61, 851.38, -6.55, 17.28, 56.05, -0.78241, 0.13662, 0.25708, -0.55052
197, 15, 60.949, -15.845, -30.399, 359.25, -543.15, 870.61, 6.08, 24.93, 55.73, -0.78150, 0.12562, 0.26334, -0.55148
197, 17, 61.934, -15.832, -30.827, 378.11, -682.98, 898.80, 27.50, 40.92, 68.92, -0.77626, 0.12633, 0.26640, -0.55722
197, 16, 63.175, -13.918, -29.923, 295.78, -775.88, 960.88, 86.98, 63.93, 91.26, -0.77010, 0.12774, 0.25111, -0.57233
197, 15, 58.924, -12.021, -17.227, -232.79, 1854.25, 1999.94, 67.54, 64.67, -15.77, -0.80113, 0.05856, 0.17167, -0.57035
197, 16, 56.221, -9.576, -22.734, -335.57, -1464.48, 1302.86, -38.51, 25.69, -89.83, -0.80962, 0.11392, 0.17971, -0.54703
197, 15, 57.139, -9.102, -25.547, 127.32, -1096.01, 972.11, 45.98, 22.51, 48.74, -0.80194, 0.13459, 0.19092, -0.54984
197, 15, 57.733, -4.805, -22.599, -258.97, -506.04, 968.20, 88.66, 25.95, 71.12, -0.79978, 0.13482, 0.14778, -0.56599
197, 16, 55.453, -8.632, -19.421, 148.32, -502.69, 1050.72, 93.45, -33.04, -40.73, -0.81600, 0.09625, 0.15661, -0.54805
197, 15, 53.745, -10.589, -13.080, 142.88, -147.16, 1116.70, 96.49, -35.16, -20.48, -0.82816, 0.04331, 0.13925, -0.54119
197, 17, 52.585, -10.299, -8.447, 7.63, -110.05, 1088.50, 90.16, -48.72, -19.77, -0.83481, 0.01238, 0.11506, -0.53823
197, 15, 50.673, -13.853, -3.894, 241.94, 32.78, 910.22, 66.14, -75.86, -46.81, -0.84138, -0.03576, 0.11994, -0.52575
197, 15, 50.321, -16.161, 0.461, 194.52, 179.50, 738.95, 33.14, -82.08, 5.95, -0.83877, -0.07799, 0.11701, -0.52602
197, 16, 50.709, -21.241, 1.987, 448.49, 226.44, 706.60, -36.97, -88.83, 25.34, -0.82937, -0.11276, 0.14674, -0.52717
197, 15, 52.588, -25.677, -3.784, 722.47, -378.17, 817.63, -54.37, -62.55, -21.21, -0.81947, -0.09465, 0.20347, -0.52736
197, 15, 56.760, -25.603, -11.717, 588.87, -922.67, 911.68, -21.74, -9.38, 8.45, -0.80495, -0.04605, 0.23743, -0.54181
197, 16, 59.696, -22.806, -15.477, 409.61, -512.70, 976.99, 5.01, 37.37, 43.72, -0.79423, -0.01145, 0.23594, -0.55981
197, 15, 58.784, -15.612, -18.885, -163.82, -676.27, 1032.65, -19.75, 59.38, -55.09, -0.80091, 0.05171, 0.20420, -0.56051
197, 16, 57.640, -12.354, -23.363, -135.86, -880.86, 1044.43, -36.06, 12.64, -59.37, -0.80317, 0.10191, 0.20307, -0.55072
197, 16, 57.404, -12.963, -24.313, 350.71, -570.25, 1135.50, -12.97, 29.12, 15.32, -0.80361, 0.10589, 0.21153, -0.54613
197, 15, 55.903, -13.985, -21.756, 435.12, -203.06, 1117.49, -19.43, 45.02, 2.59, -0.81303, 0.08540, 0.20515, -0.53815
197, 15, 55.080, -14.209, -20.954, 503.60, -239.01, 1036.32, -38.66, 83.85, 27.19, -0.81746, 0.08003, 0.20235, -0.53330
197, 16, 54.281, -10.936, -21.819, 258.12, -390.81, 1047.18, -46.16, 109.93, 28.02, -0.82006, 0.10373, 0.18300, -0.53221
197, 15, 52.970, -6.519, -23.717, 16.97, -556.40, 1057.86, -34.75, 101.62, 8.99, -0.82228, 0.14069, 0.15936, -0.52789
197, 16, 51.401, -4.491, -25.680, 27.28, -735.66, 1056.70, -5.95, 75.02, -1.63, -0.82544, 0.16649, 0.15183, -0.51757
197, 15, 49.470, -3.131, -22.708, -28.50, -440.98, 1039.06, 18.91, 51.16, 22.95, -0.83725, 0.15350, 0.12602, -0.50947
197, 16, 47.978, -3.851, -19.606, 60.67, -371.15, 1105.53, 29.12, 25.37, 14.21, -0.84809, 0.12903, 0.11578, -0.50068
197, 16, 46.540, -6.096, -18.783, 203.49, -545.41, 1167.85, 42.15, 10.44, -7.51, -0.85610, 0.11451, 0.12725, -0.48763
197, 15, 45.877, -7.259, -18.675, 174.80, -620.79, 1130.68, 62.81, 5.50, 0.66, -0.85933, 0.10937, 0.13475, -0.48107
197, 15, 45.545, -6.552, -17.464, 22.34, -524.60, 1116.15, 84.03, -5.54, 8.39, -0.86169, 0.10373, 0.12411, -0.48097
197, 16, 45.370, -7.643, -16.680, 99.37, -597.53, 1042.85, 108.99, -27.96, -2.70, -0.86329, 0.09330, 0.12880, -0.47900
197, 15, 45.396, -9.030, -15.232, 115.36, -526.86, 977.17, 132.62, -42.19, -6.35, -0.86432, 0.07635, 0.13310, -0.47896
197, 15, 45.230, -10.787, -11.621, 157.47, -320.07, 1019.59, 147.04, -53.50, -7.11, -0.86661, 0.04164, 0.13103, -0.47967
197, 16, 46.274, -12.849, -9.718, 254.39, -376.10, 959.47, 148.16, -56.27, -11.53, -0.86192, 0.01706, 0.13865, -0.48742
197, 16, 47.511, -13.025, -5.791, 173.71, -149.66, 954.10, 144.12, -56.30, 7.34, -0.85653, -0.01458, 0.12303, -0.50101
197, 16, 48.307, -15.533, -0.042, 340.27, 92.22, 994.14, 130.42, -60.27, 16.11, -0.84885, -0.06939, 0.11596, -0.51107
197, 15, 49.726, -17.411, 2.989, 349.73, 36.93, 987.43, 101.26, -50.66, 15.43, -0.83807, -0.10157, 0.11507, -0.52352
197, 15, 51.483, -19.212, 4.385, 447.27, 56.52, 1049.99, 65.42, -32.14, 24.07, -0.82620, -0.12170, 0.12007, -0.53680
197, 16, 53.621, -18.089, 3.524, 272.71, -7.08, 988.95, 31.02, -9.94, 29.06, -0.81844, -0.11247, 0.11385, -0.55185
197, 15, 55.296, -15.692, 1.679, 125.43, -57.92, 1001.34, 0.58, -4.04, 29.78, -0.81472, -0.08936, 0.10420, -0.56338
197, 15, 56.858, -12.968, -0.472, 89.54, -63.05, 1060.91, -22.45, -5.17, 19.84, -0.81089, -0.06196, 0.09449, -0.57419
197, 17, 57.514, -10.974, -2.756, 45.04, -85.51, 1105.59, -45.63, -18.08, 9.99, -0.80990, -0.03627, 0.09162, -0.57823
197, 15, 57.432, -9.569, -4.612, 24.23, -23.01, 935.61, -77.88, -28.95, 1.04, -0.81140, -0.01594, 0.09110, -0.57712
197, 14, 56.789, -10.313, -5.258, 114.69, 104.68, 928.65, -113.49, -42.88, -6.18, -0.81442, -0.01459, 0.09967, -0.57147
197, 16, 56.679, -12.404, -8.416, 297.30, -57.07, 1190.98, -134.70, -39.91, -4.94, -0.81435, -0.00259, 0.13009, -0.56560
197, 16, 57.724, -14.017, -14.285, 365.84, -314.51, 1082.52, -140.53, -20.17, 13.61, -0.80801, 0.02938, 0.17037, -0.56324
197, 16, 59.016, -13.633, -20.853, 297.67, -596.86, 1184.08, -130.10, -4.24, 20.44, -0.79867, 0.07534, 0.20060, -0.56232
197, 15, 59.820, -12.368, -26.487, 205.32, -817.57, 1203.55, -99.33, 6.02, 15.81, -0.78958, 0.11952, 0.22042, -0.56008
197, 15, 59.515, -11.079, -29.805, 105.96, -838.13, 1199.10, -53.40, 6.98, -2.14, -0.78644, 0.14966, 0.22766, -0.55434
197, 17, 57.944, -11.148, -30.127, 156.01, -770.45, 1206.91, -5.16, 2.40, -37.43, -0.79357, 0.15464, 0.22757, -0.54271
197, 15, 55.611, -12.100, -27.767, 195.13, -609.80, 1128.23, 33.37, -3.42, -59.99, -0.80803, 0.13790, 0.21997, -0.52886
197, 15, 53.325, -14.067, -22.520, 317.38, -202.94, 1100.52, 48.59, -9.34, -52.44, -0.82431, 0.09509, 0.20720, -0.51820
197, 16, 51.809, -15.841, -17.856, 433.04, -83.25, 1043.21, 39.18, 1.42, -27.98, -0.83400, 0.05545, 0.19770, -0.51213
197, 15, 51.147, -15.823, -13.814, 334.23, 40.71, 981.81, 9.74, 6.65, -1.15, -0.83844, 0.02712, 0.17923, -0.51397
197, 15, 51.437, -15.687, -12.348, 336.18, -90.94, 1025.94, -14.44, -2.45, 3.91, -0.83747, 0.01660, 0.17171, -0.51854
197, 16, 53.020, -15.353, -15.259, 371.34, -413.33, 1072.45, -20.06, 3.99, 15.27, -0.82971, 0.03693, 0.18297, -0.52606
197, 15, 54.520, -13.527, -17.914, 241.39, -457.64, 1072.57, -12.71, 11.47, 23.38, -0.82199, 0.06261, 0.18308, -0.53562
197, 17, 55.211, -10.424, -20.085, -20.14, -576.60, 1088.38, -1.84, 4.68, 10.64, -0.81706, 0.09243, 0.17208, -0.54245
197, 15, 55.960, -7.817, -20.050, -111.02, -478.64, 1169.07, 16.74, -18.90, 28.48, -0.81273, 0.10409, 0.15438, -0.55209
198, 7, 40.996, -11.938, -27.151, 183.11, -483.09, 980.35, 8.78, 5.35, 3.07, -0.86958, 0.16075, 0.19717, -0.42321
198, 26, 39.944, -10.744, -24.795, 143.07, -458.98, 970.15, 11.31, -5.20, -3.11, -0.87648, 0.14934, 0.17818, -0.42159
198, 16, 39.194, -10.957, -23.506, 161.07, -431.82, 963.56, 9.90, -11.83, -4.50, -0.88087, 0.13976, 0.17412, -0.41740
198, 16, 38.932, -12.264, -23.105, 226.44, -422.24, 953.98, 6.10, -14.19, -1.88, -0.88230, 0.13193, 0.18220, -0.41345
198, 16, 39.080, -13.676, -23.165, 296.69, -428.53, 967.16, 1.86, -8.51, 6.67, -0.88157, 0.12657, 0.19320, -0.41168
198, 15, 39.514, -14.656, -23.622, 328.31, -432.98, 944.15, -1.14, 2.80, 16.25, -0.87936, 0.12542, 0.20266, -0.41223
198, 15, 40.159, -14.578, -24.284, 298.71, -435.67, 928.53, -4.07, 15.79, 28.78, -0.87630, 0.12966, 0.20519, -0.41616
198, 16, 40.851, -13.987, -25.133, 284.61, -444.15, 893.01, -6.95, 31.88, 40.43, -0.87284, 0.13731, 0.20471, -0.42118
198, 15, 41.308, -13.245, -25.437, 274.54, -435.24, 891.24, -6.96, 44.40, 47.61, -0.87080, 0.14185, 0.20090, -0.42571
198, 15, 41.904, -11.606, -26.178, 236.57, -496.83, 905.64, -1.02, 57.18, 59.34, -0.86747, 0.15320, 0.19233, -0.43247
198, 16, 42.724, -8.678, -27.190, 140.44, -628.23, 908.81, 16.20, 67.41, 81.41, -0.86208, 0.17163, 0.17575, -0.44325
198, 16, 43.692, -5.279, -27.269, 37.29, -748.84, 973.08, 47.36, 69.76, 105.32, -0.85637, 0.18494, 0.15249, -0.45736
198, 15, 40.657, -4.795, -17.351, 15.56, 474.37, 1157.65, 36.19, 50.81, -20.57, -0.88113, 0.11509, 0.10572, -0.44630
198, 15, 39.150, -2.372, -22.460, -479.31, -1184.81, 1293.82, -52.25, -2.35, -33.36, -0.87960, 0.16524, 0.10497, -0.43357
198, 15, 41.707, -2.427, -26.063, 120.48, -1341.06, 1109.01, 15.24, -1.28, 125.60, -0.86420, 0.18989, 0.12324, -0.44935
198, 17, 42.233, -1.661, -23.341, -25.76, -601.68, 1040.34, 80.51, 7.14, 97.63, -0.86585, 0.17189, 0.10754, -0.45738
198, 14, 40.828, -5.194, -20.822, 141.54, -544.49, 1025.39, 84.53, -31.67, -13.59, -0.87674, 0.13995, 0.12243, -0.44357
198, 15, 40.405, -7.877, -19.241, 242.43, -576.05, 1058.84, 91.48, -16.27, 5.04, -0.88083, 0.11756, 0.13624, -0.43790
198, 16, 39.128, -6.991, -15.756, 20.51, -384.09, 1054.50, 104.31, -16.00, -25.02, -0.88884, 0.09556, 0.11504, -0.43313
198, 16, 37.707, -5.269, -9.987, -201.42, 20.26, 1000.85, 82.08, -44.23, -40.02, -0.89805, 0.05842, 0.07902, -0.42879
198, 15, 37.206, -3.969, -3.686, -266.36, 337.65, 858.15, 39.13, -79.71, -14.46, -0.90203, 0.01411, 0.04508, -0.42907
198, 16, 36.001, -7.338, -0.963, 59.63, 129.82, 739.99, -6.40, -120.15, -48.03, -0.90537, -0.01933, 0.06157, -0.41968
198, 15, 35.483, -15.736, -6.110, 669.19, -480.47, 798.52, -28.95, -137.70, -77.90, -0.90214, -0.00900, 0.14626, -0.40579
198, 15, 37.544, -21.394, -10.767, 831.79, -562.13, 879.64, -6.74, -79.73, -20.30, -0.88927, 0.00303, 0.20649, -0.40811
198, 16, 40.677, -22.391, -13.628, 554.44, -316.65, 913.70, 0.79, -16.08, 38.69, -0.87657, 0.01525, 0.22467, -0.42533
198, 15, 39.657, -17.654, -9.441, 171.81, 368.53, 1999.94, 0.24, 36.97, 1.15, -0.88525, 0.00385, 0.17316, -0.43165
198, 15, 38.320, -10.102, -15.887, -403.87, -1052.49, 1081.48, -27.35, 55.03, -113.80, -0.89160, 0.08536, 0.13881, -0.42248
198, 18, 39.351, -4.975, -20.066, -303.22, -734.31, 1019.47, -13.50, 17.59, 11.10, -0.88322, 0.13654, 0.11609, -0.43336
198, 15, 39.968, -6.627, -18.456, 410.34, -191.53, 1177.37, -16.90, 33.08, 43.53, -0.88310, 0.11699, 0.12328, -0.43732
198, 16, 40.946, -8.535, -17.931, 605.47, -124.08, 979.98, -40.65, 76.42, 67.15, -0.88008, 0.10421, 0.13672, -0.44261
198, 15, 41.808, -4.802, -17.280, 208.01, -184.63, 1163.27, -51.72, 127.17, 79.06, -0.87668, 0.11345, 0.10665, -0.45518
198, 15, 41.389, 0.154, -19.960, -45.23, -456.73, 1073.55, -54.47, 121.82, 38.35, -0.87273, 0.15420, 0.07910, -0.45641
198, 16, 41.183, 3.978, -23.463, -97.41, -679.50, 992.61, -40.14, 111.20, 68.90, -0.86477, 0.19595, 0.06366, -0.45796
198, 15, 40.468, 8.294, -22.952, -321.23, -505.31, 1101.38, -10.68, 81.33, 57.47, -0.86330, 0.20892, 0.02743, -0.45859
198, 15, 38.147, 8.617, -20.301, -241.09, -444.21, 1122.74, 9.45, 33.39, 24.06, -0.87663, 0.19037, 0.01048, -0.44178
198, 17, 36.187, 5.749, -20.174, 0.24, -672.42, 1168.76, 27.89, 2.76, 9.84, -0.88751, 0.17940, 0.02916, -0.42342
198, 14, 34.906, 3.159, -18.808, 12.63, -554.38, 1142.82, 53.68, -7.74, 13.14, -0.89658, 0.16002, 0.04258, -0.41076
198, 16, 33.275, 1.690, -18.078, -93.08, -584.35, 1063.60, 81.15, -29.96, -18.82, -0.90439, 0.14984, 0.04938, -0.39647
198, 15, 32.396, 0.269, -17.580, -83.68, -687.87, 1073.24, 105.59, -44.62, -12.92, -0.90889, 0.14147, 0.05782, -0.38802
198, 15, 31.774, -1.818, -16.199, -0.37, -700.68, 1160.89, 136.73, -54.51, -17.68, -0.91350, 0.12380, 0.06905, -0.38133
198, 16, 31.432, -3.830, -15.393, 20.14, -867.25, 1010.38, 180.35, -64.62, -28.63, -0.91600, 0.11082, 0.08205, -0.37674
198, 15, 32.200, -4.863, -13.727, 37.17, -654.17, 861.76, 215.63, -61.61, -33.68, -0.91507, 0.09345, 0.08542, -0.38291
198, 16, 32.875, -6.069, -7.316, 74.16, -152.04, 765.38, 224.47, -63.99, -36.67, -0.91637, 0.03757, 0.07374, -0.39168
198, 16, 33.132, -8.430, 2.525, 219.73, 277.71, 838.26, 204.69, -57.75, -28.98, -0.91395, -0.04942, 0.05865, -0.39852
198, 15, 33.538, -9.857, 11.422, 252.14, 587.95, 968.02, 154.37, -56.21, -28.60, -0.90453, -0.12512, 0.03849, -0.40582
198, 15, 35.090, -10.515, 16.666, 228.39, 531.19, 1010.56, 91.06, -46.31, -7.71, -0.89146, -0.16890, 0.02282, -0.41982
198, 16, 38.134, -10.937, 16.719, 201.90, 285.95, 1021.61, 32.61, -39.63, 19.43, -0.87938, -0.17140, 0.02140, -0.44368
198, 15, 41.235, -10.632, 12.675, 118.23, -1.46, 1066.77, -6.66, -37.93, 28.33, -0.87294, -0.14002, 0.03088, -0.46629
198, 15, 43.578, -10.729, 7.755, 150.82, -159.30, 1125.43, -20.69, -39.55, 16.29, -0.86836, -0.10384, 0.04951, -0.48240
198, 16, 46.383, -10.665, 2.794, 179.02, -209.96, 1089.29, -22.45, -31.54, 10.79, -0.86009, -0.06759, 0.06821, -0.50103
198, 16, 48.256, -9.421, 0.880, 97.11, -12.51, 951.42, -24.99, -19.29, 12.90, -0.85367, -0.04888, 0.06642, -0.51424
198, 16, 49.058, -7.181, 1.268, -64.70, 172.55, 906.80, -49.17, -30.08, 8.74, -0.85120, -0.04208, 0.04768, -0.52098
198, 15, 49.558, -6.793, 0.282, 8.00, 154.60, 1169.68, -81.03, -53.20, 1.11, -0.84943, -0.03320, 0.04912, -0.52436
198, 15, 50.654, -8.507, -2.433, 156.31, 27.89, 1054.81, -101.83, -57.67, 16.20, -0.84426, -0.02163, 0.07402, -0.53035
198, 16, 51.980, -10.348, -5.910, 194.89, -23.50, 983.03, -124.14, -52.05, 24.62, -0.83770, -0.00579, 0.10351, -0.53619
198, 15, 53.203, -12.966, -10.584, 372.74, -167.91, 1187.13, -138.43, -47.35, 17.35, -0.83075, 0.01436, 0.14434, -0.53741
198, 15, 54.530, -13.690, -16.470, 365.30, -430.60, 1254.88, -130.76, -19.21, 15.29, -0.82264, 0.05143, 0.17746, -0.53770
198, 16, 55.586, -13.191, -22.399, 313.48, -637.08, 1234.25, -107.32, -0.04, 11.74, -0.81391, 0.09451, 0.20246, -0.53630
198, 16, 55.321, -12.471, -26.125, 274.60, -864.38, 1252.75, -45.47, 16.12, -20.02, -0.81140, 0.12501, 0.21458, -0.52911
198, 15, 54.519, -10.755, -26.821, 103.58, -683.90, 1152.47, 5.71, 12.93, -24.00, -0.81358, 0.13988, 0.20509, -0.52580
198, 16, 52.902, -10.899, -23.138, 181.03, -340.94, 1110.41, 35.47, 3.27, -33.40, -0.82512, 0.11561, 0.18747, -0.52026
198, 15, 51.446, -12.369, -18.610, 337.46, -136.35, 1121.70, 39.32, 1.12, -28.82, -0.83570, 0.07808, 0.17620, -0.51425
198, 16, 51.015, -12.775, -14.610, 341.49, -34.06, 1121.15, 25.44, 9.31, 1.56, -0.83979, 0.04754, 0.16089, -0.51635
198, 15, 51.551, -10.467, -12.109, 127.50, -64.21, 1141.54, 9.28, 13.31, 23.26, -0.83875, 0.03944, 0.13306, -0.52653
198, 15, 52.003, -7.074, -10.682, -109.01, -83.80, 1255.13, -3.93, 0.96, 16.89, -0.83749, 0.04464, 0.10204, -0.53499
198, 16, 51.771, -4.189, -10.474, -235.53, -157.10, 1293.76, -20.90, -24.51, -7.23, -0.83844, 0.05698, 0.07999, -0.53607
198, 16, 51.149, -3.269, -11.559, -155.82, -252.69, 1278.26, -36.96, -47.03, -20.97, -0.84054, 0.06968, 0.07799, -0.53155
199, 9, 44.351, -9.731, -24.268, 143.98, -448.30, 999.33, -4.18, 9.95, -6.52, -0.86004, 0.14275, 0.17425, -0.45781
199, 26, 43.880, -12.052, -23.989, 244.93, -427.37, 964.23, -9.37, 1.11, 5.84, -0.86263, 0.13150, 0.18964, -0.45012
199, 16, 44.346, -13.381, -24.276, 340.33, -423.77, 962.22, -12.92, 5.60, 25.65, -0.86055, 0.12718, 0.20103, -0.45041
199, 15, 45.211, -14.024, -24.819, 348.08, -430.60, 954.16, -15.17, 16.17, 42.18, -0.85654, 0.12691, 0.20881, -0.45457
199, 15, 46.038, -13.100, -25.269, 271.42, -446.59, 975.52, -17.42, 26.64, 50.18, -0.85267, 0.13283, 0.20486, -0.46190
199, 16, 46.556, -10.922, -25.517, 190.98, -474.79, 1015.93, -19.60, 33.22, 51.35, -0.84986, 0.14339, 0.19075, -0.46988
199, 15, 46.869, -8.174, -25.872, 78.61, -514.04, 1036.32, -20.65, 34.44, 50.99, -0.84711, 0.15764, 0.17272, -0.47721
199, 15, 46.985, -5.710, -26.264, 5.74, -537.23, 1006.47, -19.64, 28.56, 50.78, -0.84471, 0.17119, 0.15664, -0.48232
199, 16, 46.820, -4.202, -26.233, 7.93, -527.83, 986.69, -18.75, 21.07, 54.25, -0.84442, 0.17776, 0.14528, -0.48400
199, 15, 46.460, -4.863, -25.681, 71.41, -501.10, 949.46, -17.67, 15.99, 55.82, -0.84723, 0.17128, 0.14723, -0.48082
199, 17, 46.428, -6.095, -25.598, 145.26, -496.28, 920.41, -15.37, 17.64, 55.34, -0.84825, 0.16535, 0.15584, -0.47838
199, 15, 46.520, -7.319, -26.328, 200.93, -553.59, 878.30, -7.74, 25.72, 52.29, -0.84749, 0.16528, 0.16792, -0.47565
199, 15, 46.942, -7.656, -27.438, 221.74, -688.48, 857.67, 20.18, 41.61, 62.84, -0.84429, 0.17136, 0.17560, -0.47642
199, 16, 47.744, -6.719, -28.061, 183.78, -888.49, 899.54, 66.13, 55.18, 81.83, -0.83942, 0.17886, 0.17267, -0.48330
199, 15, 47.608, -4.759, -25.866, 42.24, -872.80, 1084.29, 125.85, 60.66, 64.13, -0.84203, 0.17161, 0.14897, -0.48923
199, 15, 42.034, -3.784, -20.598, -256.16, -421.39, 1402.53, 71.59, 28.87, -141.52, -0.87168, 0.14269, 0.11236, -0.45518
199, 16, 40.042, -3.571, -24.720, -257.69, -1515.63, 1068.12, 33.36, -13.73, -62.40, -0.87356, 0.17699, 0.12401, -0.43611
199, 15, 41.876, -1.644, -24.311, -132.02, -812.62, 1015.93, 86.11, -6.96, 91.13, -0.86577, 0.17963, 0.11072, -0.45379
199, 16, 41.068, -4.426, -18.271, 133.18, -325.01, 1067.38, 123.37, -25.79, 3.91, -0.87845, 0.12324, 0.10694, -0.44910
199, 16, 38.754, -7.637, -11.030, 215.70, 41.14, 1091.98, 102.80, -37.76, -59.37, -0.89336, 0.05664, 0.10189, -0.43395
199, 15, 37.793, -7.803, -6.636, 106.26, -35.58, 1097.78, 74.82, -25.00, -33.56, -0.89846, 0.02242, 0.08629, -0.42990
199, 16, 36.247, -6.841, -4.948, -15.32, -91.67, 970.52, 50.45, -47.26, -72.80, -0.90477, 0.01384, 0.07224, -0.41951
199, 14, 35.906, -4.439, -3.252, -250.37, 17.46, 918.46, 28.45, -72.67, -33.33, -0.90680, 0.00946, 0.04704, -0.41881
199, 15, 36.290, -5.540, 0.796, -67.08, 302.98, 776.37, -4.83, -109.60, 1.82, -0.90475, -0.02674, 0.04085, -0.42313
199, 16, 36.625, -13.601, -2.831, 492.31, -155.82, 770.51, -48.66, -138.84, -30.50, -0.89934, -0.02824, 0.11754, -0.42021
199, 15, 40.164, -19.422, -9.308, 965.21, -665.10, 876.10, -23.66, -62.42, 5.00, -0.88169, -0.00501, 0.18611, -0.43354
199, 16, 44.696, -19.306, -13.905, 589.78, -494.02, 921.20, 0.09, 19.49, 69.02, -0.86375, 0.02279, 0.20353, -0.46042
199, 16, 46.434, -13.964, -12.800, 163.64, -122.80, 1190.00, 5.12, 64.06, 61.78, -0.86004, 0.03509, 0.16001, -0.48322
199, 15, 45.537, -5.664, -11.430, -526.61, -100.10, 1467.90, -6.76, 85.91, -10.33, -0.86596, 0.06208, 0.09194, -0.48764
199, 15, 44.316, -1.440, -16.286, -377.01, -683.59, 997.86, -39.97, 22.29, -35.97, -0.86611, 0.11776, 0.07967, -0.47920
199, 16, 45.447, -1.684, -18.044, 100.40, -386.66, 1080.51, -44.33, 29.40, 74.23, -0.85958, 0.12913, 0.09012, -0.48613
199, 15, 47.030, -3.377, -15.589, 403.99, 80.51, 1077.33, -61.21, 56.54, 104.55, -0.85607, 0.10213, 0.09381, -0.49791
199, 16, 47.962, -3.585, -16.596, 292.91, -167.42, 1006.96, -91.72, 88.94, 86.17, -0.85115, 0.10791, 0.10060, -0.50376
199, 15, 47.642, -2.633, -21.773, 228.70, -701.35, 1098.94, -92.51, 108.54, 66.74, -0.84619, 0.15079, 0.11585, -0.49781
199, 16, 45.709, 0.321, -25.015, -38.88, -880.07, 1130.07, -38.49, 122.50, 36.28, -0.84725, 0.18937, 0.10510, -0.48503
199, 16, 42.856, 5.142, -25.542, -525.94, -737.43, 1041.93, -1.27, 80.68, -3.17, -0.85290, 0.21514, 0.06628, -0.47104
199, 15, 40.877, 8.125, -23.897, -471.62, -556.52, 1024.60, 20.23, 29.31, 13.24, -0.86015, 0.21528, 0.03327, -0.46119
199, 15, 38.843, 5.702, -21.170, -128.48, -495.54, 1153.81, 34.00, -11.48, -7.64, -0.87593, 0.18612, 0.03753, -0.44351
199, 16, 37.052, 1.442, -19.967, 126.53, -610.47, 1189.09, 51.72, -25.38, -22.80, -0.88846, 0.16188, 0.06324, -0.42478
199, 15, 36.185, -0.829, -18.366, 24.17, -499.63, 1109.50, 72.37, -26.27, -3.45, -0.89521, 0.14162, 0.07390, -0.41602
199, 15, 35.671, -1.424, -17.562, -69.89, -571.41, 1120.42, 87.40, -37.45, -10.54, -0.89833, 0.13351, 0.07503, -0.41177
199, 16, 34.570, -3.119, -17.412, -27.83, -799.01, 1139.89, 115.11, -51.33, -37.91, -0.90307, 0.12700, 0.08653, -0.40106
199, 16, 33.630, -4.352, -16.458, -34.48, -800.23, 1092.65, 154.64, -55.60, -48.28, -0.90766, 0.11583, 0.09193, -0.39278
199, 16, 32.736, -4.838, -12.996, -71.17, -518.55, 1056.34, 194.06, -65.59, -53.75, -0.91384, 0.08731, 0.08319, -0.38776
199, 15, 32.720, -7.158, -9.413, 116.27, -391.30, 936.34, 210.54, -70.08, -33.99, -0.91586, 0.05067, 0.08950, -0.38810
199, 15, 32.846, -9.768, -1.913, 175.60, -2.99, 788.51, 202.03, -63.58, -22.17, -0.91539, -0.01843, 0.08475, -0.39311
199, 16, 32.908, -12.251, 5.978, 310.91, 301.09, 892.03, 161.33, -54.28, -19.09, -0.90938, -0.08985, 0.07728, -0.39872
199, 15, 34.324, -12.947, 11.206, 240.97, 310.18, 928.83, 112.83, -44.26, 5.37, -0.89846, -0.13433, 0.06290, -0.41324
199, 15, 38.488, -11.862, 12.686, 135.44, 219.73, 1030.82, 69.13, -40.86, 22.06, -0.88239, -0.14389, 0.04377, -0.44584
199, 17, 42.157, -12.213, 10.491, 198.18, -10.80, 1084.66, 37.63, -48.45, 22.61, -0.86987, -0.12997, 0.05090, -0.47312
199, 15, 45.423, -12.949, 7.182, 276.43, -161.01, 1142.27, 26.10, -38.02, 19.65, -0.85866, -0.10971, 0.06709, -0.49614
199, 15, 48.081, -12.290, 5.187, 195.92, -25.51, 1138.61, 12.07, -23.33, 21.18, -0.84941, -0.09357, 0.06859, -0.51482
199, 16, 49.693, -10.200, 4.214, 59.20, 63.11, 1108.70, -8.67, -16.42, 12.95, -0.84473, -0.07788, 0.05627, -0.52650
199, 15, 50.545, -8.458, 4.166, 1.59, 195.13, 1106.75, -40.09, -27.04, 11.92, -0.84216, -0.06993, 0.04308, -0.53294
199, 15, 50.931, -7.579, 3.687, 2.93, 272.71, 1031.62, -92.79, -37.79, 9.14, -0.84123, -0.06247, 0.03861, -0.53567
199, 16, 51.231, -7.342, 1.911, 37.90, 213.32, 940.37, -132.16, -39.68, 7.87, -0.84083, -0.04845, 0.04504, -0.53725
199, 15, 51.768, -8.272, -2.127, 126.89, 86.24, 976.87, -162.02, -40.17, 6.89, -0.83911, -0.02349, 0.07065, -0.53885
199, 17, 52.600, -9.906, -9.491, 287.90, -311.04, 1233.22, -167.46, -30.94, 3.43, -0.83469, 0.02185, 0.11712, -0.53767
199, 15, 54.078, -10.760, -17.597, 359.86, -699.22, 1203.61, -144.32, -4.27, 23.31, -0.82426, 0.07461, 0.16189, -0.53741
199, 15, 55.743, -10.055, -24.217, 274.90, -897.89, 1227.17, -101.06, 15.36, 47.32, -0.81055, 0.12278, 0.18955, -0.54037
199, 16, 56.349, -8.772, -27.839, 156.68, -901.43, 1253.78, -44.58, 21.43, 33.94, -0.80262, 0.15364, 0.19858, -0.54108
199, 15, 55.546, -8.388, -28.673, 121.15, -793.15, 1166.75, 11.55, 14.59, -7.21, -0.80497, 0.16279, 0.19877, -0.53480
199, 15, 53.882, -9.083, -24.780, 168.88, -403.02, 1083.19, 48.79, 11.80, -23.68, -0.81815, 0.13459, 0.18335, -0.52810
199, 16, 52.585, -10.194, -18.781, 274.17, -2.01, 1113.10, 44.96, 10.69, -5.68, -0.83029, 0.08802, 0.16232, -0.52585
199, 15, 51.204, -10.534, -12.862, 214.42, 152.47, 1057.86, 19.62, 9.39, -7.24, -0.84005, 0.04505, 0.13687, -0.52302
199, 17, 50.572, -9.279, -11.619, 126.46, -148.74, 1093.14, -7.85, 4.97, -15.36, -0.84358, 0.04252, 0.12184, -0.52127
199, 15, 50.444, -7.389, -13.971, -11.54, -427.80, 1101.87, -11.98, -4.01, -15.59, -0.84305, 0.06877, 0.11870, -0.52004
199, 15, 50.388, -5.167, -16.475, -200.38, -651.86, 1194.34, 6.94, -18.75, -11.19, -0.84102, 0.09755, 0.11384, -0.51982
199, 16, 49.918, -3.428, -16.081, -290.59, -488.53, 1336.55, 32.15, -43.36, -16.98, -0.84283, 0.10311, 0.09895, -0.51885
199, 15, 48.824, -3.525, -13.163, -189.27, -196.04, 1370.06, 31.68, -69.24, -37.31, -0.85015, 0.08200, 0.08564, -0.51301
199, 15, 47.547, -5.828, -10.011, 61.52, -23.93, 1338.26, 9.70, -75.12, -45.92, -0.85796, 0.04911, 0.08801, -0.50373
199, 16, 46.441, -8.418, -8.111, 216.06, 6.90, 1227.54, -16.53, -58.94, -46.45, -0.86308, 0.02427, 0.09872, -0.49473
199, 15, 46.185, -9.865, -7.171, 242.19, 46.08, 1106.08, -44.94, -39.63, -34.17, -0.86388, 0.01107, 0.10547, -0.49240
200, 7, 41.517, -7.067, -20.516, 70.50, -322.75, 1013.92, 8.80, -5.66, 0.85, -0.87501, 0.12928, 0.13622, -0.44619
200, 27, 40.857, -9.144, -18.635, 170.35, -294.13, 983.40, -8.38, -8.98, 1.07, -0.87980, 0.10726, 0.14397, -0.44013
200, 15, 41.184, -10.360, -19.046, 251.16, -320.98, 972.66, -18.46, 2.73, 16.20, -0.87818, 0.10505, 0.15505, -0.44015
200, 15, 41.710, -11.111, -20.059, 283.02, -355.16, 953.80, -21.09, 18.83, 24.42, -0.87518, 0.10900, 0.16509, -0.44150
200, 16, 42.284, -11.247, -21.519, 300.54, -421.02, 944.64, -16.46, 37.16, 30.97, -0.87151, 0.11872, 0.17231, -0.44349
200, 15, 42.962, -10.460, -23.501, 282.96, -544.19, 920.23, -1.95, 55.73, 41.04, -0.86660, 0.13600, 0.17492, -0.44711
200, 15, 43.554, -8.571, -24.950, 212.28, -633.30, 921.51, 23.51, 73.13, 59.72, -0.86198, 0.15398, 0.16738, -0.45307
200, 17, 44.097, -5.201, -25.254, 57.62, -696.35, 940.37, 57.56, 83.69, 78.72, -0.85781, 0.16966, 0.14444, -0.46315
200, 15, 43.307, -0.613, -17.735, -323.91, 0.49, 1564.88, 80.31, 78.58, 47.21, -0.86825, 0.13287, 0.07832, -0.47154
200, 16, 39.226, 2.279, -14.912, -412.17, -155.21, 1314.64, 3.43, 35.00, -96.26, -0.88594, 0.12490, 0.04027, -0.44485
200, 15, 38.517, 4.414, -20.062, -455.14, -1038.39, 1065.49, -28.29, -0.72, 15.30, -0.88024, 0.17294, 0.04269, -0.43982
200, 15, 40.177, 5.057, -22.429, -237.24, -987.98, 1106.26, 18.96, -15.86, 108.48, -0.86934, 0.19278, 0.04961, -0.45236
200, 16, 38.799, 2.380, -20.117, -98.33, -552.49, 1153.26, 66.13, -43.17, 0.66, -0.88091, 0.16560, 0.05904, -0.43941
200, 15, 37.853, -1.548, -17.473, 97.84, -448.55, 1148.01, 77.74, -50.61, -13.76, -0.89049, 0.13089, 0.07819, -0.42871
200, 15, 36.507, -5.530, -13.715, 243.77, -287.41, 1232.73, 82.47, -39.98, -43.17, -0.90010, 0.08759, 0.09405, -0.41630
200, 17, 35.538, -4.037, -9.489, -144.71, -47.06, 1126.10, 70.04, -39.09, -44.98, -0.90628, 0.06046, 0.06640, -0.41304
200, 14, 35.439, -1.524, -4.877, -335.88, 213.56, 956.42, 38.83, -61.84, -21.55, -0.90843, 0.03314, 0.02980, -0.41567
200, 15, 34.350, -1.887, -5.702, -141.85, -142.46, 897.58, 11.65, -101.99, -66.52, -0.91209, 0.03870, 0.03530, -0.40663
200, 16, 33.457, -7.969, -10.230, 339.66, -589.66, 907.47, 11.96, -122.71, -81.82, -0.91279, 0.05375, 0.09906, -0.39257
200, 15, 34.580, -13.469, -12.867, 510.07, -495.67, 893.37, 36.25, -92.15, -30.46, -0.90558, 0.05375, 0.15190, -0.39239
200, 16, 35.797, -17.501, -12.399, 512.76, -217.59, 901.37, 46.88, -62.20, -13.67, -0.89887, 0.03346, 0.18207, -0.39721
200, 15, 36.749, -20.615, -12.361, 634.58, -262.63, 923.28, 45.98, -33.10, -28.75, -0.89273, 0.01984, 0.20608, -0.40020
200, 15, 39.295, -20.329, -13.242, 589.97, -312.38, 950.01, 46.90, 13.03, -7.98, -0.88375, 0.02318, 0.20754, -0.41878
200, 17, 41.412, -16.493, -11.382, 374.82, -101.44, 984.56, 39.31, 66.27, 33.18, -0.87926, 0.02083, 0.17195, -0.44373
200, 16, 42.565, -10.882, -8.034, 95.83, 164.67, 1104.31, 7.87, 78.26, 39.06, -0.87846, 0.01680, 0.11631, -0.46314
200, 15, 42.507, -3.610, -7.505, -448.91, 33.26, 1396.91, -29.88, 58.72, -14.20, -0.88033, 0.04285, 0.05857, -0.46877
200, 15, 42.711, -1.946, -12.534, -33.20, -432.92, 1056.09, -67.85, 13.15, -8.30, -0.87633, 0.08815, 0.06654, -0.46888
200, 15, 44.257, -2.598, -15.839, 206.05, -344.54, 1041.87, -70.34, 33.55, 58.75, -0.86733, 0.10955, 0.08647, -0.47776
200, 15, 45.320, -3.462, -15.192, 308.90, -21.73, 1075.50, -77.58, 54.93, 63.68, -0.86378, 0.10016, 0.09123, -0.48531
200, 16, 45.272, -3.418, -16.944, 243.35, -249.45, 1133.18, -88.80, 74.71, 28.10, -0.86234, 0.11358, 0.09826, -0.48355
200, 15, 44.490, -3.636, -20.614, 277.83, -496.52, 1101.56, -89.35, 90.04, 35.11, -0.86163, 0.14099, 0.11436, -0.47396
200, 17, 42.758, -0.898, -24.237, -3.36, -705.08, 1105.22, -61.78, 104.10, 15.91, -0.86178, 0.18124, 0.10620, -0.46175
200, 15, 40.623, 4.084, -24.764, -436.46, -563.78, 1086.85, -30.35, 75.32, 1.64, -0.86459, 0.20649, 0.06704, -0.45315
200, 15, 38.891, 6.558, -23.375, -357.79, -452.51, 1094.12, -9.99, 27.64, 2.25, -0.87098, 0.20609, 0.03956, -0.44425
200, 16, 38.071, 3.161, -21.293, 130.68, -402.34, 1201.84, 2.59, -1.98, 12.68, -0.88124, 0.17794, 0.05640, -0.43425
200, 15, 37.621, 0.399, -20.702, 203.06, -553.53, 1204.65, 21.51, 9.87, 21.66, -0.88606, 0.16338, 0.07486, -0.42733
200, 15, 37.162, 1.073, -19.622, -68.36, -486.51, 1152.28, 40.53, 9.16, 22.87, -0.88880, 0.15778, 0.06498, -0.42534
200, 16, 36.464, 1.473, -19.304, -131.10, -619.51, 1180.85, 63.43, -6.78, -0.40, -0.89153, 0.15716, 0.05973, -0.42061
200, 15, 35.586, 0.956, -19.187, -114.14, -784.00, 1152.59, 95.68, -21.22, -7.32, -0.89524, 0.15485, 0.06214, -0.41316
200, 16, 35.046, 0.827, -17.705, -160.52, -678.53, 1097.29, 132.04, -35.68, -7.59, -0.89919, 0.14306, 0.05714, -0.40954
200, 16, 35.024, 0.025, -14.311, -71.78, -422.12, 1022.34, 156.02, -48.36, 5.67, -0.90349, 0.11351, 0.05128, -0.41010
200, 15, 35.192, -3.518, -9.220, 148.62, -238.46, 1015.01, 169.02, -52.88, -1.10, -0.90764, 0.06042, 0.06116, -0.41084
200, 16, 35.480, -7.091, -5.761, 288.88, -263.31, 990.05, 171.81, -42.18, -14.08, -0.90736, 0.01984, 0.07705, -0.41277
200, 15, 36.427, -8.618, -0.299, 209.78, -31.07, 1010.44, 170.49, -28.27, -0.35, -0.90299, -0.02953, 0.06914, -0.42303
200, 15, 37.467, -7.649, 6.486, 75.44, 221.92, 974.12, 155.98, -16.98, 9.38, -0.89650, -0.07970, 0.03562, -0.43436
200, 15, 38.565, -7.143, 11.219, 83.25, 248.78, 1047.85, 122.44, -28.40, 4.28, -0.88867, -0.11490, 0.01259, -0.44373
200, 15, 41.487, -7.896, 12.367, 166.99, 112.18, 1088.01, 96.43, -32.23, 13.38, -0.87517, -0.12695, 0.01078, -0.46674
200, 16, 43.824, -8.029, 11.818, 129.39, 39.98, 1088.87, 70.54, -27.95, 11.86, -0.86594, -0.12354, 0.01152, -0.48451
200, 16, 45.903, -8.400, 11.255, 148.25, 67.26, 1086.24, 57.00, -26.54, 16.17, -0.85725, -0.12110, 0.01454, -0.50025
200, 15, 47.774, -8.343, 11.486, 116.46, 166.75, 1069.27, 39.12, -25.98, 24.86, -0.84877, -0.12278, 0.01109, -0.51419
200, 15, 49.054, -8.072, 12.451, 75.50, 292.60, 1079.77, 8.87, -32.17, 26.51, -0.84219, -0.12879, 0.00330, -0.52357
200, 16, 50.191, -7.980, 11.512, 95.76, 257.26, 1203.06, -24.57, -32.04, 25.17, -0.83807, -0.12153, 0.00570, -0.53182
200, 15, 50.930, -5.845, 10.465, -144.90, 261.84, 979.74, -58.24, -38.58, 26.48, -0.83755, -0.10411, -0.00587, -0.53632
200, 15, 51.500, -6.045, 8.596, -8.06, 259.70, 1031.86, -95.39, -57.69, 29.79, -0.83632, -0.09138, 0.00389, -0.54057
200, 16, 52.580, -7.918, 3.394, 151.73, 71.66, 1195.31, -123.29, -58.57, 17.48, -0.83338, -0.06250, 0.04158, -0.54758
200, 16, 53.805, -9.847, -1.291, 199.58, 48.22, 935.12, -154.68, -37.55, 27.09, -0.82838, -0.03841, 0.07756, -0.55344
200, 16, 54.661, -11.377, -6.460, 360.60, -92.04, 1277.53, -153.84, -11.46, 13.76, -0.82454, -0.00932, 0.11336, -0.55425
200, 15, 55.415, -10.683, -13.140, 242.86, -474.06, 1225.46, -126.12, 14.27, 3.86, -0.82015, 0.04124, 0.14082, -0.55301
200, 15, 55.949, -9.257, -19.603, 171.69, -887.02, 1239.44, -79.79, 27.53, 4.42, -0.81365, 0.09374, 0.16225, -0.55033
200, 16, 55.978, -7.153, -22.952, 34.91, -812.07, 1231.93, -23.72, 29.46, 10.65, -0.80940, 0.12791, 0.16373, -0.54928
200, 15, 55.730, -5.390, -21.569, 52.98, -466.98, 1225.77, 16.83, 26.32, 30.58, -0.81111, 0.12721, 0.14452, -0.55230
200, 15, 55.510, -3.458, -17.412, -38.39, -160.95, 1276.73, 32.26, 28.92, 34.76, -0.81534, 0.10750, 0.11057, -0.55807
200, 16, 54.874, -0.820, -12.022, -261.60, 108.03, 1228.88, 19.44, 14.85, 24.91, -0.82160, 0.08245, 0.06494, -0.56032
200, 16, 53.559, 0.623, -7.569, -293.15, 268.25, 1261.17, -9.28, -8.03, -8.77, -0.83013, 0.05793, 0.03209, -0.55363
200, 15, 51.294, 0.908, -5.218, -206.79, 199.77, 1205.87, -44.48, -25.81, -48.24, -0.84186, 0.04263, 0.01781, -0.53772
200, 16, 48.449, 0.667, -5.543, -126.83, 18.74, 1154.11, -73.75, -34.06, -72.87, -0.85489, 0.04440, 0.02002, -0.51653
200, 15, 45.194, -0.911, -9.370, -18.31, -221.92, 1119.32, -85.45, -37.98, -100.84, -0.86777, 0.06719, 0.04711, -0.49015
201, 8, 28.578, 0.754, -22.857, -76.48, -498.54, 1061.52, -0.96, 15.28, 26.11, -0.91341, 0.18708, 0.06560, -0.35549
201, 27, 26.927, 1.449, -20.745, -60.91, -426.21, 1066.53, 0.73, 6.90, 6.74, -0.92132, 0.17311, 0.05099, -0.34439
201, 15, 25.954, 1.574, -20.983, -62.32, -445.92, 1046.63, 0.16, 0.82, -4.32, -0.92376, 0.17582, 0.04920, -0.33664
201, 16, 25.071, 1.204, -21.711, -47.67, -486.08, 1037.11, 2.86, -5.38, -9.53, -0.92543, 0.18103, 0.05294, -0.32864
201, 15, 24.288, 0.129, -22.203, -0.43, -496.95, 1046.14, 8.25, -9.07, -11.46, -0.92751, 0.18237, 0.06178, -0.32039
201, 15, 23.601, -1.046, -22.202, 28.44, -470.83, 1046.88, 12.12, -8.52, -12.56, -0.93001, 0.17949, 0.07021, -0.31294
201, 15, 23.040, -1.678, -21.228, 29.30, -402.65, 1036.80, 10.82, -5.27, -11.61, -0.93328, 0.17019, 0.07184, -0.30798
201, 15, 22.833, -1.169, -20.455, 3.60, -359.92, 1003.48, 5.41, -2.99, -9.39, -0.93477, 0.16539, 0.06533, -0.30753
201, 16, 22.929, -1.307, -20.655, 26.43, -359.13, 956.24, -2.26, -2.38, -0.98, -0.93428, 0.16660, 0.06713, -0.30800
201, 16, 23.305, -2.533, -21.089, 109.92, -374.39, 954.10, -4.67, 2.04, 11.19, -0.93308, 0.16653, 0.07881, -0.30889
201, 15, 23.845, -3.503, -21.980, 150.39, -419.68, 945.56, -2.68, 11.99, 20.66, -0.93061, 0.17068, 0.08988, -0.31106
201, 16, 24.466, -3.822, -23.229, 165.59, -501.71, 948.30, 6.03, 25.76, 30.79, -0.92710, 0.17939, 0.09681, -0.31453
201, 15, 25.255, -2.910, -24.721, 116.09, -615.42, 921.45, 24.19, 39.34, 47.34, -0.92216, 0.19339, 0.09491, -0.32128
201, 15, 26.167, -0.697, -25.497, 14.04, -704.35, 934.75, 52.99, 49.07, 67.28, -0.91707, 0.20536, 0.08099, -0.33206
201, 16, 27.347, 2.716, -20.449, -160.58, -411.74, 1381.84, 87.17, 50.25, 83.74, -0.91962, 0.17433, 0.04052, -0.34967
201, 15, 25.440, 4.949, -14.291, -348.63, 55.11, 1572.94, 55.99, 29.58, -53.08, -0.93195, 0.13145, 0.00138, -0.33792
201, 16, 24.205, 7.831, -17.945, -509.40, -820.07, 1122.31, 8.30, 8.10, -27.64, -0.92829, 0.16908, -0.01311, -0.33094
201, 16, 25.276, 8.944, -21.087, -318.24, -1070.19, 1051.45, 42.88, -9.41, 67.73, -0.91891, 0.19756, -0.01123, -0.34123
201, 15, 24.483, 6.705, -18.506, -153.38, -517.64, 1179.44, 104.52, -39.83, -12.30, -0.92774, 0.17057, -0.00189, -0.33196
201, 15, 24.497, 3.610, -13.362, 54.20, -166.69, 1228.15, 98.59, -35.90, -15.19, -0.93659, 0.12011, 0.00859, -0.32909
201, 16, 24.071, 1.076, -9.722, 50.23, -148.32, 1164.79, 87.36, -36.63, -44.75, -0.94218, 0.08319, 0.01864, -0.32407
201, 15, 24.179, 2.494, -7.684, -227.97, -146.55, 1030.46, 79.51, -49.40, -36.38, -0.94276, 0.07041, 0.00126, -0.32597
201, 16, 24.499, 4.184, -5.055, -337.46, -19.29, 862.85, 70.39, -82.00, -34.13, -0.94259, 0.05359, -0.01999, -0.32902
201, 15, 25.079, -0.032, -5.157, 35.22, -117.80, 810.67, 57.97, -111.24, -51.42, -0.94204, 0.04233, 0.01524, -0.33246
201, 15, 25.939, -7.817, -6.123, 572.27, -235.41, 872.99, 50.47, -107.42, -41.77, -0.93818, 0.02698, 0.08212, -0.33518
201, 16, 27.888, -13.655, -5.476, 752.44, -56.46, 888.98, 48.18, -48.13, -4.01, -0.92889, 0.00207, 0.12785, -0.34759
201, 15, 30.190, -15.424, -3.856, 552.49, 104.68, 897.71, 27.21, 11.86, 20.20, -0.92000, -0.01932, 0.13684, -0.36674
201, 15, 32.340, -11.369, -2.538, 231.63, 156.13, 1182.98, -3.28, 60.40, 20.85, -0.91614, -0.01853, 0.09974, -0.38782
201, 16, 32.923, -3.782, -4.574, -397.58, -173.77, 1392.33, -26.08, 67.28, -27.71, -0.91731, 0.02354, 0.04608, -0.39479
201, 15, 33.413, 1.772, -9.215, -387.94, -433.41, 1078.92, -46.76, 40.79, -6.03, -0.91275, 0.07977, 0.01804, -0.40025
201, 15, 34.871, 3.920, -11.337, -88.87, -204.04, 1077.76, -59.26, 34.87, 50.01, -0.90477, 0.10397, 0.00967, -0.41290
201, 16, 35.521, 2.415, -10.987, 212.83, 3.97, 1080.08, -73.84, 54.16, 33.24, -0.90358, 0.09573, 0.02087, -0.41707
201, 16, 35.889, 2.374, -13.819, 178.59, -286.44, 1154.30, -82.66, 84.88, 38.48, -0.89962, 0.11778, 0.03188, -0.41928
201, 15, 35.252, 5.040, -17.546, -61.52, -450.20, 1138.43, -73.58, 98.14, 27.00, -0.89548, 0.15666, 0.02372, -0.41595
201, 16, 33.604, 9.006, -20.868, -361.02, -635.68, 1136.54, -48.42, 82.47, 8.02, -0.89201, 0.19635, 0.00187, -0.40713
201, 15, 32.175, 11.858, -22.158, -390.87, -569.46, 1116.52, -20.67, 50.90, 17.85, -0.89085, 0.21554, -0.01868, -0.39947
201, 16, 31.079, 11.046, -20.791, -193.05, -423.71, 1131.77, 1.53, 21.71, 10.86, -0.89826, 0.20214, -0.01894, -0.38975
201, 15, 30.458, 8.256, -19.044, 33.69, -375.18, 1206.85, 16.83, 10.34, 4.27, -0.90672, 0.17959, -0.00361, -0.38157
201, 15, 30.212, 6.522, -17.657, -12.21, -391.36, 1182.98, 31.45, 13.54, 11.41, -0.91141, 0.16312, 0.00530, -0.37776
201, 16, 29.041, 5.999, -15.817, -132.20, -413.15, 1233.28, 50.78, 10.16, 3.59, -0.91818, 0.14684, 0.00193, -0.36794
201, 16, 28.035, 6.356, -15.628, -214.05, -598.94, 1158.08, 88.16, -4.06, -9.88, -0.92131, 0.14641, -0.00284, -0.36021
201, 15, 27.289, 6.701, -14.768, -244.75, -586.06, 1114.75, 116.00, -17.64, -8.68, -0.92441, 0.14048, -0.00925, -0.35446
201, 16, 26.928, 7.077, -11.855, -239.93, -368.04, 1081.48, 136.44, -32.04, -8.14, -0.92849, 0.11799, -0.02168, -0.35144
201, 15, 27.298, 6.622, -8.557, -185.97, -286.07, 1090.21, 146.97, -44.39, 5.73, -0.93069, 0.08995, -0.02779, -0.35348
201, 15, 28.257, 4.790, -5.097, -87.89, -195.62, 1027.77, 153.74, -52.22, 15.43, -0.93100, 0.05644, -0.02302, -0.35990
201, 16, 29.638, 2.166, -1.485, 11.60, -135.68, 1074.58, 158.50, -50.42, 22.84, -0.92868, 0.01903, -0.01277, -0.37018
201, 15, 31.475, -0.491, 1.526, 73.55, -102.42, 984.99, 158.03, -48.87, 34.27, -0.92285, -0.01394, -0.00117, -0.38492
201, 16, 34.722, -2.371, 5.928, 101.81, 61.16, 1002.50, 150.64, -38.06, 31.35, -0.90983, -0.05562, -0.00240, -0.41123
201, 16, 37.198, -4.310, 10.485, 162.66, 216.37, 1033.87, 129.25, -31.14, 26.50, -0.89670, -0.09853, -0.00550, -0.43149
201, 15, 39.565, -5.070, 13.214, 110.72, 210.08, 1069.82, 103.28, -24.04, 23.94, -0.88442, -0.12244, -0.01236, -0.45018
201, 16, 41.600, -5.799, 14.234, 124.76, 198.00, 1121.28, 75.08, -21.61, 22.00, -0.87453, -0.13289, -0.01307, -0.46622
201, 15, 43.279, -5.390, 13.696, 31.31, 104.13, 1100.34, 59.65, -22.49, 22.00, -0.86858, -0.12693, -0.01589, -0.47876
201, 15, 44.709, -5.051, 12.874, 17.82, 89.90, 1109.80, 50.32, -24.52, 25.34, -0.86370, -0.11911, -0.01653, -0.48945
201, 16, 45.626, -4.139, 12.489, -38.70, 148.56, 1127.69, 35.25, -26.54, 20.29, -0.86086, -0.11220, -0.02270, -0.49580
201, 15, 46.070, -2.742, 13.654, -118.41, 315.37, 1082.52, 12.99, -29.06, 17.27, -0.85878, -0.11483, -0.03872, -0.49780
201, 15, 46.954, -1.243, 14.717, -182.37, 423.83, 1070.19, -19.00, -38.20, 11.29, -0.85486, -0.11593, -0.05548, -0.50269
201, 17, 47.558, -2.165, 13.774, -2.26, 371.52, 1173.28, -56.21, -48.25, 7.98, -0.85253, -0.11268, -0.04504, -0.50841
201, 15, 48.214, -3.354, 10.454, 40.65, 215.52, 1152.95, -85.98, -47.90, 9.28, -0.85180, -0.09307, -0.02194, -0.51507
201, 15, 49.060, -4.679, 5.452, 77.39, 42.42, 1122.99, -104.88, -45.03, 14.95, -0.85059, -0.06181, 0.01001, -0.52209
201, 15, 49.922, -6.458, 0.374, 168.82, -58.23, 1140.38, -109.02, -35.59, 14.63, -0.84788, -0.03250, 0.04612, -0.52718
201, 15, 50.962, -6.982, -5.532, 159.36, -334.11, 1246.77, -94.47, -16.10, 17.77, -0.84353, 0.00810, 0.07716, -0.53145
201, 16, 51.814, -6.311, -10.268, 94.12, -454.04, 1255.31, -60.44, 2.49, 21.10, -0.83853, 0.04540, 0.09449, -0.53468
201, 15, 52.106, -4.520, -11.703, 7.08, -297.91, 1205.87, -16.97, 9.64, 18.11, -0.83628, 0.06414, 0.08833, -0.53732
201, 16, 51.673, -4.506, -8.912, 94.30, 23.80, 1185.06, -4.26, 9.02, 7.35, -0.83963, 0.04411, 0.07495, -0.53616
201, 16, 51.229, -4.440, -6.508, 93.14, 37.35, 1145.45, -3.71, 9.41, 1.40, -0.84244, 0.02704, 0.06310, -0.53439
201, 15, 50.765, -4.031, -4.585, 59.63, 33.75, 1145.51, -4.19, 5.65, -5.04, -0.84498, 0.01503, 0.05106, -0.53215
201, 14, 50.165, -4.071, -3.875, 82.89, -49.87, 1159.61, 1.52, 1.29, -16.74, -0.84783, 0.00986, 0.04801, -0.52800
201, 16, 49.366, -4.458, -3.892, 112.55, -104.80, 1174.38, 10.57, 0.54, -30.59, -0.85144, 0.00855, 0.05089, -0.52191
201, 15, 48.462, -4.704, -3.100, 121.77, -63.35, 1173.22, 19.45, 3.37, -38.50, -0.85553, 0.00192, 0.04909, -0.51542
201, 15, 47.554, -3.622, -0.602, 31.37, 103.82, 1144.78, 19.87, 6.21, -39.30, -0.85970, -0.01161, 0.02986, -0.50979
201, 16, 46.625, -2.813, 1.779, 26.92, 156.74, 1143.37, 8.82, 3.40, -33.70, -0.86361, -0.02576, 0.01340, -0.50332
201, 16, 46.323, -2.565, 2.158, 58.72, 72.39, 1154.60, -2.55, 2.52, -23.88, -0.86491, -0.02750, 0.00994, -0.50108
201, 15, 46.339, -2.306, 1.239, 53.22, 0.00, 1164.12, -8.29, 2.78, -15.21, -0.86508, -0.01944, 0.01200, -0.50111
201, 15, 46.581, -2.157, -0.368, 55.30, -72.14, 1165.10, -10.28, 3.86, -5.00, -0.86423, -0.00670, 0.01788, -0.50273
201, 15, 47.027, -2.207, -2.067, 65.43, -117.07, 1160.22, -9.00, 4.45, 6.08, -0.86227, 0.00580, 0.02573, -0.50576
